0.566464	1	44038	0.082163	1.000000	-0.043135
0.566464	2	10034	0.082163	0.240315	-0.056743
0.566464	3	6041	0.082163	0.104367	-0.066615
0.566464	4	4094	0.082163	0.057751	-0.074645
0.566464	5	2943	0.082163	0.036494	-0.081534
0.566464	6	2143	0.082163	0.025081	-0.087632
0.566464	7	1650	0.082163	0.018266	-0.093142
0.566464	8	1436	0.082163	0.013879	-0.098195
0.566464	9	1150	0.082163	0.010892	-0.102878
0.566464	10	958	0.082163	0.008770	-0.107257
0.566464	11	790	0.082163	0.007209	-0.111378
0.566464	12	710	0.082163	0.006027	-0.115279
0.566464	13	647	0.082163	0.005112	-0.118988
0.566464	14	523	0.082163	0.004389	-0.122528
0.566464	15	513	0.082163	0.003809	-0.125918
0.566464	16	434	0.082163	0.003335	-0.129174
0.566464	17	410	0.082163	0.002944	-0.132310
0.566464	18	395	0.082163	0.002618	-0.135336
0.566464	19	335	0.082163	0.002342	-0.138261
0.566464	20	288	0.082163	0.002108	-0.141096
0.566464	21	288	0.082163	0.001906	-0.143845
0.566464	22	268	0.082163	0.001732	-0.146517
0.566464	23	242	0.082163	0.001581	-0.149116
0.566464	24	202	0.082163	0.001448	-0.151648
0.566464	25	209	0.082163	0.001332	-0.154117
0.566464	26	203	0.082163	0.001229	-0.156527
0.566464	27	183	0.082163	0.001137	-0.158882
0.566464	28	167	0.082163	0.001055	-0.161184
0.566464	29	161	0.082163	0.000981	-0.163437
0.566464	30	160	0.082163	0.000915	-0.165644
0.566464	31	129	0.082163	0.000856	-0.167806
0.566464	32	138	0.082163	0.000802	-0.169927
0.566464	33	132	0.082163	0.000752	-0.172009
0.566464	34	119	0.082163	0.000708	-0.174052
0.566464	35	107	0.082163	0.000667	-0.176059
0.566464	36	120	0.082163	0.000629	-0.178033
0.566464	37	132	0.082163	0.000595	-0.179973
0.566464	38	104	0.082163	0.000563	-0.181881
0.566464	39	93	0.082163	0.000534	-0.183760
0.566464	40	94	0.082163	0.000506	-0.185610
0.566464	41	84	0.082163	0.000481	-0.187432
0.566464	42	82	0.082163	0.000458	-0.189227
0.566464	43	80	0.082163	0.000436	-0.190997
0.566464	44	79	0.082163	0.000416	-0.192742
0.566464	45	58	0.082163	0.000398	-0.194463
0.566464	46	78	0.082163	0.000380	-0.196161
0.566464	47	79	0.082163	0.000363	-0.197837
0.566464	48	70	0.082163	0.000348	-0.199492
0.566464	49	71	0.082163	0.000334	-0.201126
0.566464	50	57	0.082163	0.000320	-0.202740
0.566464	51	55	0.082163	0.000307	-0.204334
0.566464	52	78	0.082163	0.000295	-0.205910
0.566464	53	58	0.082163	0.000284	-0.207467
0.566464	54	49	0.082163	0.000273	-0.209007
0.566464	55	54	0.082163	0.000263	-0.210530
0.566464	56	63	0.082163	0.000253	-0.212036
0.566464	57	44	0.082163	0.000244	-0.213526
0.566464	58	49	0.082163	0.000236	-0.215000
0.566464	59	46	0.082163	0.000228	-0.216459
0.566464	60	48	0.082163	0.000220	-0.217903
0.566464	61	37	0.082163	0.000213	-0.219332
0.566464	62	40	0.082163	0.000206	-0.220748
0.566464	63	43	0.082163	0.000199	-0.222149
0.566464	64	55	0.082163	0.000193	-0.223538
0.566464	65	39	0.082163	0.000187	-0.224913
0.566464	66	35	0.082163	0.000181	-0.226276
0.566464	67	31	0.082163	0.000175	-0.227626
0.566464	68	35	0.082163	0.000170	-0.228964
0.566464	69	33	0.082163	0.000165	-0.230290
0.566464	70	34	0.082163	0.000160	-0.231604
0.566464	71	31	0.082163	0.000156	-0.232908
0.566464	72	27	0.082163	0.000151	-0.234200
0.566464	73	32	0.082163	0.000147	-0.235481
0.566464	74	37	0.082163	0.000143	-0.236752
0.566464	75	35	0.082163	0.000139	-0.238013
0.566464	76	34	0.082163	0.000135	-0.239263
0.566464	77	29	0.082163	0.000132	-0.240504
0.566464	78	28	0.082163	0.000128	-0.241735
0.566464	79	27	0.082163	0.000125	-0.242956
0.566464	80	32	0.082163	0.000122	-0.244168
0.566464	81	27	0.082163	0.000119	-0.245371
0.566464	82	37	0.082163	0.000116	-0.246565
0.566464	83	26	0.082163	0.000113	-0.247750
0.566464	84	34	0.082163	0.000110	-0.248926
0.566464	85	31	0.082163	0.000107	-0.250095
0.566464	86	16	0.082163	0.000105	-0.251254
0.566464	87	23	0.082163	0.000102	-0.252406
0.566464	88	25	0.082163	0.000100	-0.253550
0.566464	89	24	0.082163	0.000098	-0.254686
0.566464	90	18	0.082163	0.000096	-0.255814
0.566464	91	23	0.082163	0.000093	-0.256935
0.566464	92	27	0.082163	0.000091	-0.258048
0.566464	93	24	0.082163	0.000089	-0.259154
0.566464	94	16	0.082163	0.000087	-0.260253
0.566464	95	33	0.082163	0.000085	-0.261345
0.566464	96	20	0.082163	0.000084	-0.262429
0.566464	97	23	0.082163	0.000082	-0.263508
0.566464	98	28	0.082163	0.000080	-0.264579
0.566464	99	20	0.082163	0.000079	-0.265644
0.566464	100	21	0.082163	0.000077	-0.266702
0.566464	101	15	0.082163	0.000075	-0.267754
0.566464	102	21	0.082163	0.000074	-0.268799
0.566464	103	17	0.082163	0.000072	-0.269839
0.566464	104	18	0.082163	0.000071	-0.270872
0.566464	105	20	0.082163	0.000070	-0.271900
0.566464	106	28	0.082163	0.000068	-0.272921
0.566464	107	22	0.082163	0.000067	-0.273937
0.566464	108	21	0.082163	0.000066	-0.274947
0.566464	109	16	0.082163	0.000064	-0.275951
0.566464	110	21	0.082163	0.000063	-0.276950
0.566464	111	15	0.082163	0.000062	-0.277943
0.566464	112	17	0.082163	0.000061	-0.278931
0.566464	113	14	0.082163	0.000060	-0.279914
0.566464	114	13	0.082163	0.000059	-0.280891
0.566464	115	18	0.082163	0.000058	-0.281863
0.566464	116	21	0.082163	0.000057	-0.282830
0.566464	117	23	0.082163	0.000056	-0.283792
0.566464	118	14	0.082163	0.000055	-0.284749
0.566464	119	18	0.082163	0.000054	-0.285701
0.566464	120	17	0.082163	0.000053	-0.286649
0.566464	121	15	0.082163	0.000052	-0.287591
0.566464	122	22	0.082163	0.000051	-0.288529
0.566464	123	11	0.082163	0.000050	-0.289463
0.566464	124	15	0.082163	0.000049	-0.290391
0.566464	125	7	0.082163	0.000049	-0.291316
0.566464	126	18	0.082163	0.000048	-0.292235
0.566464	127	11	0.082163	0.000047	-0.293151
0.566464	128	21	0.082163	0.000046	-0.294062
0.566464	129	10	0.082163	0.000046	-0.294968
0.566464	130	13	0.082163	0.000045	-0.295871
0.566464	131	13	0.082163	0.000044	-0.296769
0.566464	132	13	0.082163	0.000043	-0.297663
0.566464	133	10	0.082163	0.000043	-0.298553
0.566464	134	9	0.082163	0.000042	-0.299439
0.566464	135	17	0.082163	0.000041	-0.300321
0.566464	136	9	0.082163	0.000041	-0.301199
0.566464	137	11	0.082163	0.000040	-0.302074
0.566464	138	10	0.082163	0.000040	-0.302944
0.566464	139	13	0.082163	0.000039	-0.303810
0.566464	140	13	0.082163	0.000038	-0.304673
0.566464	141	10	0.082163	0.000038	-0.305532
0.566464	142	10	0.082163	0.000037	-0.306388
0.566464	143	8	0.082163	0.000037	-0.307239
0.566464	144	11	0.082163	0.000036	-0.308088
0.566464	145	7	0.082163	0.000036	-0.308932
0.566464	146	11	0.082163	0.000035	-0.309773
0.566464	147	12	0.082163	0.000035	-0.310611
0.566464	148	10	0.082163	0.000034	-0.311445
0.566464	149	8	0.082163	0.000034	-0.312276
0.566464	150	7	0.082163	0.000033	-0.313103
0.566464	151	11	0.082163	0.000033	-0.313928
0.566464	152	6	0.082163	0.000033	-0.314748
0.566464	153	10	0.082163	0.000032	-0.315566
0.566464	154	15	0.082163	0.000032	-0.316380
0.566464	155	9	0.082163	0.000031	-0.317191
0.566464	156	14	0.082163	0.000031	-0.317999
0.566464	157	12	0.082163	0.000030	-0.318804
0.566464	158	11	0.082163	0.000030	-0.319606
0.566464	159	7	0.082163	0.000030	-0.320405
0.566464	160	10	0.082163	0.000029	-0.321200
0.566464	161	8	0.082163	0.000029	-0.321993
0.566464	162	8	0.082163	0.000029	-0.322783
0.566464	163	8	0.082163	0.000028	-0.323569
0.566464	164	11	0.082163	0.000028	-0.324353
0.566464	165	15	0.082163	0.000027	-0.325134
0.566464	166	9	0.082163	0.000027	-0.325912
0.566464	167	5	0.082163	0.000027	-0.326688
0.566464	168	10	0.082163	0.000026	-0.327460
0.566464	169	8	0.082163	0.000026	-0.328230
0.566464	170	9	0.082163	0.000026	-0.328997
0.566464	171	10	0.082163	0.000026	-0.329761
0.566464	172	10	0.082163	0.000025	-0.330523
0.566464	173	12	0.082163	0.000025	-0.331281
0.566464	174	8	0.082163	0.000025	-0.332038
0.566464	175	14	0.082163	0.000024	-0.332791
0.566464	176	12	0.082163	0.000024	-0.333542
0.566464	177	6	0.082163	0.000024	-0.334291
0.566464	178	6	0.082163	0.000023	-0.335037
0.566464	179	6	0.082163	0.000023	-0.335780
0.566464	180	10	0.082163	0.000023	-0.336521
0.566464	181	5	0.082163	0.000023	-0.337259
0.566464	182	7	0.082163	0.000022	-0.337995
0.566464	183	12	0.082163	0.000022	-0.338728
0.566464	184	8	0.082163	0.000022	-0.339460
0.566464	185	9	0.082163	0.000022	-0.340188
0.566464	186	5	0.082163	0.000021	-0.340914
0.566464	187	10	0.082163	0.000021	-0.341638
0.566464	188	2	0.082163	0.000021	-0.342360
0.566464	189	14	0.082163	0.000021	-0.343079
0.566464	190	6	0.082163	0.000021	-0.343796
0.566464	191	5	0.082163	0.000020	-0.344511
0.566464	192	8	0.082163	0.000020	-0.345223
0.566464	193	12	0.082163	0.000020	-0.345933
0.566464	194	7	0.082163	0.000020	-0.346641
0.566464	195	7	0.082163	0.000019	-0.347347
0.566464	196	9	0.082163	0.000019	-0.348051
0.566464	197	8	0.082163	0.000019	-0.348752
0.566464	198	2	0.082163	0.000019	-0.349451
0.566464	199	7	0.082163	0.000019	-0.350149
0.566464	200	7	0.082163	0.000018	-0.350844
0.566464	201	4	0.082163	0.000018	-0.351537
0.566464	202	9	0.082163	0.000018	-0.352227
0.566464	203	5	0.082163	0.000018	-0.352916
0.566464	204	3	0.082163	0.000018	-0.353603
0.566464	205	6	0.082163	0.000018	-0.354288
0.566464	206	4	0.082163	0.000017	-0.354970
0.566464	207	5	0.082163	0.000017	-0.355651
0.566464	208	7	0.082163	0.000017	-0.356330
0.566464	209	5	0.082163	0.000017	-0.357006
0.566464	210	7	0.082163	0.000017	-0.357681
0.566464	211	9	0.082163	0.000017	-0.358354
0.566464	212	9	0.082163	0.000016	-0.359025
0.566464	213	10	0.082163	0.000016	-0.359694
0.566464	214	5	0.082163	0.000016	-0.360361
0.566464	215	9	0.082163	0.000016	-0.361026
0.566464	216	8	0.082163	0.000016	-0.361690
0.566464	217	6	0.082163	0.000016	-0.362351
0.566464	218	5	0.082163	0.000015	-0.363011
0.566464	219	5	0.082163	0.000015	-0.363669
0.566464	220	4	0.082163	0.000015	-0.364325
0.566464	221	6	0.082163	0.000015	-0.364979
0.566464	222	6	0.082163	0.000015	-0.365631
0.566464	223	8	0.082163	0.000015	-0.366282
0.566464	224	2	0.082163	0.000015	-0.366931
0.566464	225	3	0.082163	0.000015	-0.367578
0.566464	226	3	0.082163	0.000014	-0.368223
0.566464	227	6	0.082163	0.000014	-0.368867
0.566464	228	7	0.082163	0.000014	-0.369509
0.566464	229	4	0.082163	0.000014	-0.370149
0.566464	230	4	0.082163	0.000014	-0.370788
0.566464	231	3	0.082163	0.000014	-0.371425
0.566464	232	5	0.082163	0.000014	-0.372060
0.566464	233	4	0.082163	0.000014	-0.372694
0.566464	234	5	0.082163	0.000013	-0.373326
0.566464	235	4	0.082163	0.000013	-0.373956
0.566464	236	4	0.082163	0.000013	-0.374585
0.566464	237	3	0.082163	0.000013	-0.375212
0.566464	238	2	0.082163	0.000013	-0.375837
0.566464	239	5	0.082163	0.000013	-0.376461
0.566464	240	4	0.082163	0.000013	-0.377084
0.566464	241	6	0.082163	0.000013	-0.377704
0.566464	242	1	0.082163	0.000012	-0.378324
0.566464	243	8	0.082163	0.000012	-0.378941
0.566464	244	3	0.082163	0.000012	-0.379557
0.566464	245	7	0.082163	0.000012	-0.380172
0.566464	246	2	0.082163	0.000012	-0.380785
0.566464	247	4	0.082163	0.000012	-0.381397
0.566464	248	3	0.082163	0.000012	-0.382007
0.566464	249	3	0.082163	0.000012	-0.382615
0.566464	250	4	0.082163	0.000012	-0.383223
0.566464	251	2	0.082163	0.000012	-0.383828
0.566464	252	6	0.082163	0.000011	-0.384433
0.566464	253	3	0.082163	0.000011	-0.385035
0.566464	254	6	0.082163	0.000011	-0.385637
0.566464	255	5	0.082163	0.000011	-0.386237
0.566464	256	2	0.082163	0.000011	-0.386835
0.566464	257	5	0.082163	0.000011	-0.387432
0.566464	258	4	0.082163	0.000011	-0.388028
0.566464	259	7	0.082163	0.000011	-0.388622
0.566464	260	6	0.082163	0.000011	-0.389215
0.566464	261	2	0.082163	0.000011	-0.389806
0.566464	262	1	0.082163	0.000011	-0.390397
0.566464	263	4	0.082163	0.000011	-0.390985
0.566464	264	4	0.082163	0.000010	-0.391573
0.566464	265	6	0.082163	0.000010	-0.392159
0.566464	266	5	0.082163	0.000010	-0.392744
0.566464	267	6	0.082163	0.000010	-0.393327
0.566464	268	2	0.082163	0.000010	-0.393909
0.566464	269	1	0.082163	0.000010	-0.394490
0.566464	270	5	0.082163	0.000010	-0.395070
0.566464	271	2	0.082163	0.000010	-0.395648
0.566464	272	2	0.082163	0.000010	-0.396225
0.566464	273	1	0.082163	0.000010	-0.396800
0.566464	274	6	0.082163	0.000010	-0.397375
0.566464	275	4	0.082163	0.000010	-0.397948
0.566464	276	3	0.082163	0.000010	-0.398520
0.566464	277	1	0.082163	0.000009	-0.399090
0.566464	278	5	0.082163	0.000009	-0.399660
0.566464	279	4	0.082163	0.000009	-0.400228
0.566464	280	4	0.082163	0.000009	-0.400795
0.566464	281	3	0.082163	0.000009	-0.401360
0.566464	282	3	0.082163	0.000009	-0.401925
0.566464	283	2	0.082163	0.000009	-0.402488
0.566464	284	0	0.082163	0.000009	-0.403050
0.566464	285	6	0.082163	0.000009	-0.403611
0.566464	286	0	0.082163	0.000009	-0.404170
0.566464	287	2	0.082163	0.000009	-0.404729
0.566464	288	2	0.082163	0.000009	-0.405286
0.566464	289	0	0.082163	0.000009	-0.405842
0.566464	290	2	0.082163	0.000009	-0.406397
0.566464	291	4	0.082163	0.000009	-0.406951
0.566464	292	2	0.082163	0.000008	-0.407504
0.566464	293	0	0.082163	0.000008	-0.408055
0.566464	294	4	0.082163	0.000008	-0.408606
0.566464	295	2	0.082163	0.000008	-0.409155
0.566464	296	3	0.082163	0.000008	-0.409703
0.566464	297	3	0.082163	0.000008	-0.410250
0.566464	298	3	0.082163	0.000008	-0.410796
0.566464	299	1	0.082163	0.000008	-0.411341
0.566464	300	5	0.082163	0.000008	-0.411884
0.566464	301	1	0.082163	0.000008	-0.412427
0.566464	302	6	0.082163	0.000008	-0.412968
0.566464	303	5	0.082163	0.000008	-0.413509
0.566464	304	2	0.082163	0.000008	-0.414048
0.566464	305	2	0.082163	0.000008	-0.414586
0.566464	306	1	0.082163	0.000008	-0.415124
0.566464	307	4	0.082163	0.000008	-0.415660
0.566464	308	5	0.082163	0.000008	-0.416195
0.566464	309	1	0.082163	0.000008	-0.416729
0.566464	310	2	0.082163	0.000008	-0.417262
0.566464	311	1	0.082163	0.000007	-0.417794
0.566464	312	7	0.082163	0.000007	-0.418325
0.566464	313	5	0.082163	0.000007	-0.418855
0.566464	314	2	0.082163	0.000007	-0.419384
0.566464	315	2	0.082163	0.000007	-0.419911
0.566464	316	3	0.082163	0.000007	-0.420438
0.566464	317	1	0.082163	0.000007	-0.420964
0.566464	318	1	0.082163	0.000007	-0.421489
0.566464	319	5	0.082163	0.000007	-0.422013
0.566464	320	2	0.082163	0.000007	-0.422536
0.566464	321	0	0.082163	0.000007	-0.423058
0.566464	322	3	0.082163	0.000007	-0.423578
0.566464	323	2	0.082163	0.000007	-0.424098
0.566464	324	2	0.082163	0.000007	-0.424617
0.566464	325	0	0.082163	0.000007	-0.425135
0.566464	326	4	0.082163	0.000007	-0.425652
0.566464	327	2	0.082163	0.000007	-0.426168
0.566464	328	1	0.082163	0.000007	-0.426683
0.566464	329	2	0.082163	0.000007	-0.427198
0.566464	330	5	0.082163	0.000007	-0.427711
0.566464	331	2	0.082163	0.000007	-0.428223
0.566464	332	0	0.082163	0.000007	-0.428734
0.566464	333	1	0.082163	0.000006	-0.429245
0.566464	334	2	0.082163	0.000006	-0.429754
0.566464	335	2	0.082163	0.000006	-0.430263
0.566464	336	0	0.082163	0.000006	-0.430770
0.566464	337	2	0.082163	0.000006	-0.431277
0.566464	338	1	0.082163	0.000006	-0.431783
0.566464	339	4	0.082163	0.000006	-0.432288
0.566464	340	2	0.082163	0.000006	-0.432792
0.566464	341	3	0.082163	0.000006	-0.433295
0.566464	342	2	0.082163	0.000006	-0.433797
0.566464	343	3	0.082163	0.000006	-0.434299
0.566464	344	2	0.082163	0.000006	-0.434799
0.566464	345	2	0.082163	0.000006	-0.435299
0.566464	346	4	0.082163	0.000006	-0.435797
0.566464	347	1	0.082163	0.000006	-0.436295
0.566464	348	2	0.082163	0.000006	-0.436792
0.566464	349	1	0.082163	0.000006	-0.437288
0.566464	350	3	0.082163	0.000006	-0.437784
0.566464	351	3	0.082163	0.000006	-0.438278
0.566464	352	1	0.082163	0.000006	-0.438771
0.566464	353	4	0.082163	0.000006	-0.439264
0.566464	354	5	0.082163	0.000006	-0.439756
0.566464	355	1	0.082163	0.000006	-0.440247
0.566464	356	1	0.082163	0.000006	-0.440737
0.566464	357	2	0.082163	0.000006	-0.441227
0.566464	358	2	0.082163	0.000006	-0.441715
0.566464	359	3	0.082163	0.000006	-0.442203
0.566464	360	1	0.082163	0.000006	-0.442690
0.566464	361	2	0.082163	0.000005	-0.443176
0.566464	362	1	0.082163	0.000005	-0.443661
0.566464	363	3	0.082163	0.000005	-0.444145
0.566464	364	1	0.082163	0.000005	-0.444629
0.566464	365	2	0.082163	0.000005	-0.445112
0.566464	366	1	0.082163	0.000005	-0.445594
0.566464	367	2	0.082163	0.000005	-0.446075
0.566464	368	1	0.082163	0.000005	-0.446556
0.566464	369	0	0.082163	0.000005	-0.447035
0.566464	370	2	0.082163	0.000005	-0.447514
0.566464	371	2	0.082163	0.000005	-0.447992
0.566464	372	3	0.082163	0.000005	-0.448469
0.566464	373	3	0.082163	0.000005	-0.448946
0.566464	374	2	0.082163	0.000005	-0.449422
0.566464	375	3	0.082163	0.000005	-0.449897
0.566464	376	2	0.082163	0.000005	-0.450371
0.566464	377	1	0.082163	0.000005	-0.450844
0.566464	378	1	0.082163	0.000005	-0.451317
0.566464	379	4	0.082163	0.000005	-0.451789
0.566464	380	2	0.082163	0.000005	-0.452260
0.566464	381	1	0.082163	0.000005	-0.452731
0.566464	382	2	0.082163	0.000005	-0.453200
0.566464	383	5	0.082163	0.000005	-0.453669
0.566464	384	3	0.082163	0.000005	-0.454138
0.566464	385	0	0.082163	0.000005	-0.454605
0.566464	386	2	0.082163	0.000005	-0.455072
0.566464	387	1	0.082163	0.000005	-0.455538
0.566464	388	1	0.082163	0.000005	-0.456003
0.566464	389	0	0.082163	0.000005	-0.456468
0.566464	390	1	0.082163	0.000005	-0.456932
0.566464	391	2	0.082163	0.000005	-0.457395
0.566464	392	1	0.082163	0.000005	-0.457857
0.566464	393	2	0.082163	0.000005	-0.458319
0.566464	394	5	0.082163	0.000005	-0.458780
0.566464	395	5	0.082163	0.000005	-0.459240
0.566464	396	1	0.082163	0.000005	-0.459700
0.566464	397	3	0.082163	0.000005	-0.460159
0.566464	398	1	0.082163	0.000004	-0.460617
0.566464	399	4	0.082163	0.000004	-0.461074
0.566464	400	3	0.082163	0.000004	-0.461531
0.566464	401	0	0.082163	0.000004	-0.461987
0.566464	402	2	0.082163	0.000004	-0.462443
0.566464	403	3	0.082163	0.000004	-0.462897
0.566464	404	1	0.082163	0.000004	-0.463351
0.566464	405	1	0.082163	0.000004	-0.463805
0.566464	406	1	0.082163	0.000004	-0.464258
0.566464	407	3	0.082163	0.000004	-0.464710
0.566464	408	2	0.082163	0.000004	-0.465161
0.566464	409	2	0.082163	0.000004	-0.465612
0.566464	410	4	0.082163	0.000004	-0.466062
0.566464	411	4	0.082163	0.000004	-0.466511
0.566464	412	0	0.082163	0.000004	-0.466960
0.566464	413	3	0.082163	0.000004	-0.467408
0.566464	414	1	0.082163	0.000004	-0.467855
0.566464	415	2	0.082163	0.000004	-0.468302
0.566464	416	1	0.082163	0.000004	-0.468748
0.566464	417	2	0.082163	0.000004	-0.469193
0.566464	418	1	0.082163	0.000004	-0.469638
0.566464	419	0	0.082163	0.000004	-0.470082
0.566464	420	1	0.082163	0.000004	-0.470526
0.566464	421	2	0.082163	0.000004	-0.470969
0.566464	422	1	0.082163	0.000004	-0.471411
0.566464	423	2	0.082163	0.000004	-0.471853
0.566464	424	1	0.082163	0.000004	-0.472294
0.566464	425	0	0.082163	0.000004	-0.472734
0.566464	426	0	0.082163	0.000004	-0.473174
0.566464	427	0	0.082163	0.000004	-0.473613
0.566464	428	1	0.082163	0.000004	-0.474051
0.566464	429	0	0.082163	0.000004	-0.474489
0.566464	430	0	0.082163	0.000004	-0.474926
0.566464	431	3	0.082163	0.000004	-0.475363
0.566464	432	1	0.082163	0.000004	-0.475799
0.566464	433	3	0.082163	0.000004	-0.476234
0.566464	434	0	0.082163	0.000004	-0.476669
0.566464	435	0	0.082163	0.000004	-0.477103
0.566464	436	1	0.082163	0.000004	-0.477537
0.566464	437	1	0.082163	0.000004	-0.477970
0.566464	438	0	0.082163	0.000004	-0.478402
0.566464	439	3	0.082163	0.000004	-0.478834
