0.586666	1	38453	0.082163	1.000000	-0.009009
0.586666	2	8327	0.082163	0.240315	-0.011852
0.586666	3	4989	0.082163	0.104367	-0.013914
0.586666	4	3388	0.082163	0.057751	-0.015591
0.586666	5	2340	0.082163	0.036494	-0.017030
0.586666	6	1714	0.082163	0.025081	-0.018304
0.586666	7	1359	0.082163	0.018266	-0.019454
0.586666	8	1083	0.082163	0.013879	-0.020510
0.586666	9	856	0.082163	0.010892	-0.021488
0.586666	10	692	0.082163	0.008770	-0.022403
0.586666	11	585	0.082163	0.007209	-0.023263
0.586666	12	558	0.082163	0.006027	-0.024078
0.586666	13	447	0.082163	0.005112	-0.024853
0.586666	14	451	0.082163	0.004389	-0.025592
0.586666	15	351	0.082163	0.003809	-0.026300
0.586666	16	296	0.082163	0.003335	-0.026980
0.586666	17	271	0.082163	0.002944	-0.027635
0.586666	18	290	0.082163	0.002618	-0.028267
0.586666	19	226	0.082163	0.002342	-0.028878
0.586666	20	206	0.082163	0.002108	-0.029470
0.586666	21	224	0.082163	0.001906	-0.030045
0.586666	22	192	0.082163	0.001732	-0.030603
0.586666	23	191	0.082163	0.001581	-0.031146
0.586666	24	167	0.082163	0.001448	-0.031675
0.586666	25	147	0.082163	0.001332	-0.032190
0.586666	26	142	0.082163	0.001229	-0.032694
0.586666	27	125	0.082163	0.001137	-0.033185
0.586666	28	126	0.082163	0.001055	-0.033666
0.586666	29	110	0.082163	0.000981	-0.034137
0.586666	30	95	0.082163	0.000915	-0.034598
0.586666	31	104	0.082163	0.000856	-0.035049
0.586666	32	83	0.082163	0.000802	-0.035492
0.586666	33	92	0.082163	0.000752	-0.035927
0.586666	34	112	0.082163	0.000708	-0.036354
0.586666	35	75	0.082163	0.000667	-0.036773
0.586666	36	74	0.082163	0.000629	-0.037185
0.586666	37	77	0.082163	0.000595	-0.037591
0.586666	38	74	0.082163	0.000563	-0.037989
0.586666	39	57	0.082163	0.000534	-0.038382
0.586666	40	69	0.082163	0.000506	-0.038768
0.586666	41	71	0.082163	0.000481	-0.039149
0.586666	42	57	0.082163	0.000458	-0.039524
0.586666	43	72	0.082163	0.000436	-0.039893
0.586666	44	62	0.082163	0.000416	-0.040258
0.586666	45	50	0.082163	0.000398	-0.040617
0.586666	46	48	0.082163	0.000380	-0.040972
0.586666	47	44	0.082163	0.000363	-0.041322
0.586666	48	56	0.082163	0.000348	-0.041668
0.586666	49	37	0.082163	0.000334	-0.042009
0.586666	50	38	0.082163	0.000320	-0.042346
0.586666	51	34	0.082163	0.000307	-0.042679
0.586666	52	29	0.082163	0.000295	-0.043008
0.586666	53	42	0.082163	0.000284	-0.043333
0.586666	54	41	0.082163	0.000273	-0.043655
0.586666	55	37	0.082163	0.000263	-0.043973
0.586666	56	37	0.082163	0.000253	-0.044288
0.586666	57	37	0.082163	0.000244	-0.044599
0.586666	58	34	0.082163	0.000236	-0.044907
0.586666	59	37	0.082163	0.000228	-0.045211
0.586666	60	42	0.082163	0.000220	-0.045513
0.586666	61	37	0.082163	0.000213	-0.045812
0.586666	62	32	0.082163	0.000206	-0.046107
0.586666	63	34	0.082163	0.000199	-0.046400
0.586666	64	25	0.082163	0.000193	-0.046690
0.586666	65	36	0.082163	0.000187	-0.046977
0.586666	66	20	0.082163	0.000181	-0.047262
0.586666	67	34	0.082163	0.000175	-0.047544
0.586666	68	30	0.082163	0.000170	-0.047823
0.586666	69	18	0.082163	0.000165	-0.048100
0.586666	70	33	0.082163	0.000160	-0.048375
0.586666	71	28	0.082163	0.000156	-0.048647
0.586666	72	12	0.082163	0.000151	-0.048917
0.586666	73	22	0.082163	0.000147	-0.049185
0.586666	74	36	0.082163	0.000143	-0.049450
0.586666	75	28	0.082163	0.000139	-0.049713
0.586666	76	26	0.082163	0.000135	-0.049975
0.586666	77	17	0.082163	0.000132	-0.050234
0.586666	78	25	0.082163	0.000128	-0.050491
0.586666	79	23	0.082163	0.000125	-0.050746
0.586666	80	20	0.082163	0.000122	-0.050999
0.586666	81	24	0.082163	0.000119	-0.051250
0.586666	82	17	0.082163	0.000116	-0.051500
0.586666	83	14	0.082163	0.000113	-0.051747
0.586666	84	22	0.082163	0.000110	-0.051993
0.586666	85	21	0.082163	0.000107	-0.052237
0.586666	86	8	0.082163	0.000105	-0.052479
0.586666	87	13	0.082163	0.000102	-0.052720
0.586666	88	15	0.082163	0.000100	-0.052959
0.586666	89	19	0.082163	0.000098	-0.053196
0.586666	90	16	0.082163	0.000096	-0.053431
0.586666	91	9	0.082163	0.000093	-0.053666
0.586666	92	11	0.082163	0.000091	-0.053898
0.586666	93	16	0.082163	0.000089	-0.054129
0.586666	94	14	0.082163	0.000087	-0.054359
0.586666	95	16	0.082163	0.000085	-0.054587
0.586666	96	14	0.082163	0.000084	-0.054813
0.586666	97	14	0.082163	0.000082	-0.055038
0.586666	98	11	0.082163	0.000080	-0.055262
0.586666	99	13	0.082163	0.000079	-0.055485
0.586666	100	13	0.082163	0.000077	-0.055706
0.586666	101	10	0.082163	0.000075	-0.055925
0.586666	102	14	0.082163	0.000074	-0.056144
0.586666	103	8	0.082163	0.000072	-0.056361
0.586666	104	22	0.082163	0.000071	-0.056577
0.586666	105	11	0.082163	0.000070	-0.056791
0.586666	106	14	0.082163	0.000068	-0.057005
0.586666	107	15	0.082163	0.000067	-0.057217
0.586666	108	10	0.082163	0.000066	-0.057428
0.586666	109	13	0.082163	0.000064	-0.057637
0.586666	110	10	0.082163	0.000063	-0.057846
0.586666	111	11	0.082163	0.000062	-0.058054
0.586666	112	18	0.082163	0.000061	-0.058260
0.586666	113	10	0.082163	0.000060	-0.058465
0.586666	114	8	0.082163	0.000059	-0.058669
0.586666	115	9	0.082163	0.000058	-0.058872
0.586666	116	8	0.082163	0.000057	-0.059074
0.586666	117	8	0.082163	0.000056	-0.059275
0.586666	118	13	0.082163	0.000055	-0.059475
0.586666	119	14	0.082163	0.000054	-0.059674
0.586666	120	13	0.082163	0.000053	-0.059872
0.586666	121	18	0.082163	0.000052	-0.060069
0.586666	122	10	0.082163	0.000051	-0.060265
0.586666	123	10	0.082163	0.000050	-0.060460
0.586666	124	13	0.082163	0.000049	-0.060654
0.586666	125	4	0.082163	0.000049	-0.060847
0.586666	126	12	0.082163	0.000048	-0.061039
0.586666	127	8	0.082163	0.000047	-0.061230
0.586666	128	7	0.082163	0.000046	-0.061420
0.586666	129	9	0.082163	0.000046	-0.061610
0.586666	130	15	0.082163	0.000045	-0.061798
0.586666	131	9	0.082163	0.000044	-0.061986
0.586666	132	14	0.082163	0.000043	-0.062172
0.586666	133	6	0.082163	0.000043	-0.062358
0.586666	134	11	0.082163	0.000042	-0.062543
0.586666	135	5	0.082163	0.000041	-0.062728
0.586666	136	10	0.082163	0.000041	-0.062911
0.586666	137	5	0.082163	0.000040	-0.063094
0.586666	138	13	0.082163	0.000040	-0.063275
0.586666	139	8	0.082163	0.000039	-0.063456
0.586666	140	7	0.082163	0.000038	-0.063637
0.586666	141	11	0.082163	0.000038	-0.063816
0.586666	142	6	0.082163	0.000037	-0.063995
0.586666	143	6	0.082163	0.000037	-0.064173
0.586666	144	6	0.082163	0.000036	-0.064350
0.586666	145	10	0.082163	0.000036	-0.064526
0.586666	146	8	0.082163	0.000035	-0.064702
0.586666	147	6	0.082163	0.000035	-0.064877
0.586666	148	9	0.082163	0.000034	-0.065051
0.586666	149	11	0.082163	0.000034	-0.065225
0.586666	150	8	0.082163	0.000033	-0.065397
0.586666	151	3	0.082163	0.000033	-0.065570
0.586666	152	11	0.082163	0.000033	-0.065741
0.586666	153	6	0.082163	0.000032	-0.065912
0.586666	154	5	0.082163	0.000032	-0.066082
0.586666	155	5	0.082163	0.000031	-0.066251
0.586666	156	8	0.082163	0.000031	-0.066420
0.586666	157	5	0.082163	0.000030	-0.066588
0.586666	158	9	0.082163	0.000030	-0.066756
0.586666	159	12	0.082163	0.000030	-0.066922
0.586666	160	5	0.082163	0.000029	-0.067089
0.586666	161	7	0.082163	0.000029	-0.067254
0.586666	162	8	0.082163	0.000029	-0.067419
0.586666	163	6	0.082163	0.000028	-0.067583
0.586666	164	5	0.082163	0.000028	-0.067747
0.586666	165	3	0.082163	0.000027	-0.067910
0.586666	166	5	0.082163	0.000027	-0.068073
0.586666	167	5	0.082163	0.000027	-0.068235
0.586666	168	4	0.082163	0.000026	-0.068396
0.586666	169	6	0.082163	0.000026	-0.068557
0.586666	170	5	0.082163	0.000026	-0.068717
0.586666	171	12	0.082163	0.000026	-0.068877
0.586666	172	4	0.082163	0.000025	-0.069036
0.586666	173	5	0.082163	0.000025	-0.069194
0.586666	174	7	0.082163	0.000025	-0.069352
0.586666	175	8	0.082163	0.000024	-0.069510
0.586666	176	4	0.082163	0.000024	-0.069666
0.586666	177	2	0.082163	0.000024	-0.069823
0.586666	178	7	0.082163	0.000023	-0.069979
0.586666	179	9	0.082163	0.000023	-0.070134
0.586666	180	6	0.082163	0.000023	-0.070289
0.586666	181	6	0.082163	0.000023	-0.070443
0.586666	182	7	0.082163	0.000022	-0.070596
0.586666	183	6	0.082163	0.000022	-0.070750
0.586666	184	2	0.082163	0.000022	-0.070902
0.586666	185	5	0.082163	0.000022	-0.071055
0.586666	186	2	0.082163	0.000021	-0.071206
0.586666	187	3	0.082163	0.000021	-0.071357
0.586666	188	5	0.082163	0.000021	-0.071508
0.586666	189	5	0.082163	0.000021	-0.071658
0.586666	190	3	0.082163	0.000021	-0.071808
0.586666	191	3	0.082163	0.000020	-0.071957
0.586666	192	5	0.082163	0.000020	-0.072106
0.586666	193	5	0.082163	0.000020	-0.072255
0.586666	194	3	0.082163	0.000020	-0.072402
0.586666	195	2	0.082163	0.000019	-0.072550
0.586666	196	5	0.082163	0.000019	-0.072697
0.586666	197	3	0.082163	0.000019	-0.072843
0.586666	198	8	0.082163	0.000019	-0.072989
0.586666	199	3	0.082163	0.000019	-0.073135
0.586666	200	4	0.082163	0.000018	-0.073280
0.586666	201	2	0.082163	0.000018	-0.073425
0.586666	202	9	0.082163	0.000018	-0.073569
0.586666	203	2	0.082163	0.000018	-0.073713
0.586666	204	4	0.082163	0.000018	-0.073856
0.586666	205	6	0.082163	0.000018	-0.073999
0.586666	206	5	0.082163	0.000017	-0.074142
0.586666	207	3	0.082163	0.000017	-0.074284
0.586666	208	4	0.082163	0.000017	-0.074426
0.586666	209	2	0.082163	0.000017	-0.074567
0.586666	210	3	0.082163	0.000017	-0.074708
0.586666	211	4	0.082163	0.000017	-0.074849
0.586666	212	2	0.082163	0.000016	-0.074989
0.586666	213	6	0.082163	0.000016	-0.075129
0.586666	214	2	0.082163	0.000016	-0.075268
0.586666	215	1	0.082163	0.000016	-0.075407
0.586666	216	6	0.082163	0.000016	-0.075546
0.586666	217	9	0.082163	0.000016	-0.075684
0.586666	218	7	0.082163	0.000015	-0.075821
0.586666	219	9	0.082163	0.000015	-0.075959
0.586666	220	5	0.082163	0.000015	-0.076096
0.586666	221	2	0.082163	0.000015	-0.076233
0.586666	222	5	0.082163	0.000015	-0.076369
0.586666	223	1	0.082163	0.000015	-0.076505
0.586666	224	4	0.082163	0.000015	-0.076640
0.586666	225	4	0.082163	0.000015	-0.076775
0.586666	226	5	0.082163	0.000014	-0.076910
0.586666	227	3	0.082163	0.000014	-0.077045
0.586666	228	1	0.082163	0.000014	-0.077179
0.586666	229	4	0.082163	0.000014	-0.077313
0.586666	230	3	0.082163	0.000014	-0.077446
0.586666	231	3	0.082163	0.000014	-0.077579
0.586666	232	3	0.082163	0.000014	-0.077712
0.586666	233	3	0.082163	0.000014	-0.077844
0.586666	234	4	0.082163	0.000013	-0.077976
0.586666	235	7	0.082163	0.000013	-0.078108
0.586666	236	0	0.082163	0.000013	-0.078239
0.586666	237	1	0.082163	0.000013	-0.078370
0.586666	238	1	0.082163	0.000013	-0.078501
0.586666	239	1	0.082163	0.000013	-0.078631
0.586666	240	5	0.082163	0.000013	-0.078761
0.586666	241	2	0.082163	0.000013	-0.078891
0.586666	242	5	0.082163	0.000012	-0.079020
0.586666	243	4	0.082163	0.000012	-0.079149
0.586666	244	5	0.082163	0.000012	-0.079278
0.586666	245	4	0.082163	0.000012	-0.079406
0.586666	246	4	0.082163	0.000012	-0.079534
0.586666	247	5	0.082163	0.000012	-0.079662
0.586666	248	1	0.082163	0.000012	-0.079789
0.586666	249	3	0.082163	0.000012	-0.079916
0.586666	250	1	0.082163	0.000012	-0.080043
0.586666	251	2	0.082163	0.000012	-0.080170
0.586666	252	3	0.082163	0.000011	-0.080296
0.586666	253	2	0.082163	0.000011	-0.080422
0.586666	254	5	0.082163	0.000011	-0.080547
0.586666	255	1	0.082163	0.000011	-0.080673
0.586666	256	2	0.082163	0.000011	-0.080798
0.586666	257	2	0.082163	0.000011	-0.080922
0.586666	258	2	0.082163	0.000011	-0.081047
0.586666	259	1	0.082163	0.000011	-0.081171
0.586666	260	2	0.082163	0.000011	-0.081295
0.586666	261	3	0.082163	0.000011	-0.081418
0.586666	262	0	0.082163	0.000011	-0.081542
0.586666	263	1	0.082163	0.000011	-0.081665
0.586666	264	5	0.082163	0.000010	-0.081787
0.586666	265	0	0.082163	0.000010	-0.081910
0.586666	266	2	0.082163	0.000010	-0.082032
0.586666	267	3	0.082163	0.000010	-0.082154
0.586666	268	2	0.082163	0.000010	-0.082275
0.586666	269	2	0.082163	0.000010	-0.082397
0.586666	270	2	0.082163	0.000010	-0.082518
0.586666	271	2	0.082163	0.000010	-0.082638
0.586666	272	1	0.082163	0.000010	-0.082759
0.586666	273	2	0.082163	0.000010	-0.082879
0.586666	274	3	0.082163	0.000010	-0.082999
0.586666	275	0	0.082163	0.000010	-0.083119
0.586666	276	2	0.082163	0.000010	-0.083238
0.586666	277	4	0.082163	0.000009	-0.083357
0.586666	278	2	0.082163	0.000009	-0.083476
0.586666	279	3	0.082163	0.000009	-0.083595
0.586666	280	1	0.082163	0.000009	-0.083713
0.586666	281	1	0.082163	0.000009	-0.083831
0.586666	282	4	0.082163	0.000009	-0.083949
0.586666	283	4	0.082163	0.000009	-0.084067
0.586666	284	7	0.082163	0.000009	-0.084184
0.586666	285	0	0.082163	0.000009	-0.084302
0.586666	286	6	0.082163	0.000009	-0.084418
0.586666	287	3	0.082163	0.000009	-0.084535
0.586666	288	2	0.082163	0.000009	-0.084651
0.586666	289	1	0.082163	0.000009	-0.084768
0.586666	290	0	0.082163	0.000009	-0.084884
0.586666	291	4	0.082163	0.000009	-0.084999
0.586666	292	0	0.082163	0.000008	-0.085115
0.586666	293	1	0.082163	0.000008	-0.085230
0.586666	294	1	0.082163	0.000008	-0.085345
0.586666	295	3	0.082163	0.000008	-0.085460
0.586666	296	2	0.082163	0.000008	-0.085574
0.586666	297	1	0.082163	0.000008	-0.085688
0.586666	298	2	0.082163	0.000008	-0.085802
0.586666	299	2	0.082163	0.000008	-0.085916
0.586666	300	4	0.082163	0.000008	-0.086030
0.586666	301	2	0.082163	0.000008	-0.086143
0.586666	302	2	0.082163	0.000008	-0.086256
0.586666	303	4	0.082163	0.000008	-0.086369
0.586666	304	1	0.082163	0.000008	-0.086482
0.586666	305	1	0.082163	0.000008	-0.086594
0.586666	306	2	0.082163	0.000008	-0.086706
0.586666	307	1	0.082163	0.000008	-0.086818
0.586666	308	0	0.082163	0.000008	-0.086930
0.586666	309	1	0.082163	0.000008	-0.087042
0.586666	310	0	0.082163	0.000008	-0.087153
0.586666	311	1	0.082163	0.000007	-0.087264
0.586666	312	1	0.082163	0.000007	-0.087375
0.586666	313	0	0.082163	0.000007	-0.087486
0.586666	314	1	0.082163	0.000007	-0.087596
0.586666	315	3	0.082163	0.000007	-0.087706
0.586666	316	2	0.082163	0.000007	-0.087816
0.586666	317	5	0.082163	0.000007	-0.087926
0.586666	318	2	0.082163	0.000007	-0.088036
0.586666	319	6	0.082163	0.000007	-0.088145
0.586666	320	2	0.082163	0.000007	-0.088254
0.586666	321	2	0.082163	0.000007	-0.088363
0.586666	322	1	0.082163	0.000007	-0.088472
0.586666	323	1	0.082163	0.000007	-0.088581
0.586666	324	1	0.082163	0.000007	-0.088689
0.586666	325	3	0.082163	0.000007	-0.088797
0.586666	326	2	0.082163	0.000007	-0.088905
0.586666	327	2	0.082163	0.000007	-0.089013
0.586666	328	2	0.082163	0.000007	-0.089121
0.586666	329	2	0.082163	0.000007	-0.089228
0.586666	330	2	0.082163	0.000007	-0.089335
0.586666	331	1	0.082163	0.000007	-0.089442
0.586666	332	2	0.082163	0.000007	-0.089549
0.586666	333	1	0.082163	0.000006	-0.089656
0.586666	334	2	0.082163	0.000006	-0.089762
0.586666	335	1	0.082163	0.000006	-0.089868
0.586666	336	1	0.082163	0.000006	-0.089974
0.586666	337	4	0.082163	0.000006	-0.090080
0.586666	338	1	0.082163	0.000006	-0.090186
0.586666	339	2	0.082163	0.000006	-0.090291
0.586666	340	1	0.082163	0.000006	-0.090397
0.586666	341	3	0.082163	0.000006	-0.090502
0.586666	342	0	0.082163	0.000006	-0.090607
0.586666	343	1	0.082163	0.000006	-0.090711
0.586666	344	3	0.082163	0.000006	-0.090816
0.586666	345	0	0.082163	0.000006	-0.090920
0.586666	346	4	0.082163	0.000006	-0.091024
0.586666	347	3	0.082163	0.000006	-0.091128
0.586666	348	1	0.082163	0.000006	-0.091232
0.586666	349	1	0.082163	0.000006	-0.091336
0.586666	350	1	0.082163	0.000006	-0.091439
0.586666	351	3	0.082163	0.000006	-0.091542
0.586666	352	2	0.082163	0.000006	-0.091646
0.586666	353	3	0.082163	0.000006	-0.091748
0.586666	354	2	0.082163	0.000006	-0.091851
0.586666	355	3	0.082163	0.000006	-0.091954
0.586666	356	1	0.082163	0.000006	-0.092056
0.586666	357	0	0.082163	0.000006	-0.092158
0.586666	358	3	0.082163	0.000006	-0.092260
0.586666	359	3	0.082163	0.000006	-0.092362
0.586666	360	1	0.082163	0.000006	-0.092464
0.586666	361	2	0.082163	0.000005	-0.092565
0.586666	362	0	0.082163	0.000005	-0.092667
0.586666	363	0	0.082163	0.000005	-0.092768
0.586666	364	2	0.082163	0.000005	-0.092869
0.586666	365	2	0.082163	0.000005	-0.092970
0.586666	366	1	0.082163	0.000005	-0.093070
0.586666	367	6	0.082163	0.000005	-0.093171
0.586666	368	2	0.082163	0.000005	-0.093271
0.586666	369	1	0.082163	0.000005	-0.093372
0.586666	370	0	0.082163	0.000005	-0.093472
0.586666	371	1	0.082163	0.000005	-0.093571
0.586666	372	4	0.082163	0.000005	-0.093671
0.586666	373	3	0.082163	0.000005	-0.093771
0.586666	374	3	0.082163	0.000005	-0.093870
0.586666	375	6	0.082163	0.000005	-0.093969
0.586666	376	3	0.082163	0.000005	-0.094068
0.586666	377	2	0.082163	0.000005	-0.094167
0.586666	378	1	0.082163	0.000005	-0.094266
0.586666	379	1	0.082163	0.000005	-0.094364
0.586666	380	0	0.082163	0.000005	-0.094463
0.586666	381	0	0.082163	0.000005	-0.094561
0.586666	382	2	0.082163	0.000005	-0.094659
0.586666	383	0	0.082163	0.000005	-0.094757
0.586666	384	2	0.082163	0.000005	-0.094855
0.586666	385	2	0.082163	0.000005	-0.094953
0.586666	386	4	0.082163	0.000005	-0.095050
0.586666	387	1	0.082163	0.000005	-0.095147
0.586666	388	1	0.082163	0.000005	-0.095245
0.586666	389	1	0.082163	0.000005	-0.095342
0.586666	390	0	0.082163	0.000005	-0.095439
0.586666	391	0	0.082163	0.000005	-0.095535
0.586666	392	0	0.082163	0.000005	-0.095632
0.586666	393	1	0.082163	0.000005	-0.095728
0.586666	394	3	0.082163	0.000005	-0.095825
0.586666	395	1	0.082163	0.000005	-0.095921
0.586666	396	2	0.082163	0.000005	-0.096017
0.586666	397	1	0.082163	0.000005	-0.096113
0.586666	398	1	0.082163	0.000004	-0.096208
0.586666	399	2	0.082163	0.000004	-0.096304
0.586666	400	0	0.082163	0.000004	-0.096399
0.586666	401	2	0.082163	0.000004	-0.096495
0.586666	402	1	0.082163	0.000004	-0.096590
0.586666	403	2	0.082163	0.000004	-0.096685
0.586666	404	1	0.082163	0.000004	-0.096779
0.586666	405	1	0.082163	0.000004	-0.096874
0.586666	406	3	0.082163	0.000004	-0.096969
0.586666	407	0	0.082163	0.000004	-0.097063
0.586666	408	3	0.082163	0.000004	-0.097157
0.586666	409	1	0.082163	0.000004	-0.097252
0.586666	410	1	0.082163	0.000004	-0.097346
0.586666	411	1	0.082163	0.000004	-0.097439
0.586666	412	2	0.082163	0.000004	-0.097533
0.586666	413	1	0.082163	0.000004	-0.097627
0.586666	414	2	0.082163	0.000004	-0.097720
0.586666	415	0	0.082163	0.000004	-0.097813
0.586666	416	2	0.082163	0.000004	-0.097907
0.586666	417	1	0.082163	0.000004	-0.098000
0.586666	418	1	0.082163	0.000004	-0.098093
0.586666	419	2	0.082163	0.000004	-0.098185
0.586666	420	1	0.082163	0.000004	-0.098278
0.586666	421	0	0.082163	0.000004	-0.098371
0.586666	422	1	0.082163	0.000004	-0.098463
0.586666	423	3	0.082163	0.000004	-0.098555
0.586666	424	1	0.082163	0.000004	-0.098647
0.586666	425	0	0.082163	0.000004	-0.098739
0.586666	426	1	0.082163	0.000004	-0.098831
0.586666	427	0	0.082163	0.000004	-0.098923
0.586666	428	0	0.082163	0.000004	-0.099014
0.586666	429	0	0.082163	0.000004	-0.099106
0.586666	430	2	0.082163	0.000004	-0.099197
0.586666	431	1	0.082163	0.000004	-0.099288
0.586666	432	1	0.082163	0.000004	-0.099379
0.586666	433	1	0.082163	0.000004	-0.099470
0.586666	434	0	0.082163	0.000004	-0.099561
0.586666	435	0	0.082163	0.000004	-0.099652
0.586666	436	1	0.082163	0.000004	-0.099742
0.586666	437	2	0.082163	0.000004	-0.099833
0.586666	438	1	0.082163	0.000004	-0.099923
0.586666	439	0	0.082163	0.000004	-0.100013
