0.554343	1	48076	0.082163	1.000000	-0.063610
0.554343	2	11438	0.082163	0.240315	-0.083678
0.554343	3	6871	0.082163	0.104367	-0.098236
0.554343	4	4659	0.082163	0.057751	-0.110077
0.554343	5	3327	0.082163	0.036494	-0.120236
0.554343	6	2501	0.082163	0.025081	-0.129229
0.554343	7	1937	0.082163	0.018266	-0.137355
0.554343	8	1638	0.082163	0.013879	-0.144806
0.554343	9	1289	0.082163	0.010892	-0.151713
0.554343	10	1146	0.082163	0.008770	-0.158170
0.554343	11	947	0.082163	0.007209	-0.164247
0.554343	12	774	0.082163	0.006027	-0.170000
0.554343	13	688	0.082163	0.005112	-0.175469
0.554343	14	620	0.082163	0.004389	-0.180689
0.554343	15	571	0.082163	0.003809	-0.185689
0.554343	16	506	0.082163	0.003335	-0.190491
0.554343	17	481	0.082163	0.002944	-0.195114
0.554343	18	386	0.082163	0.002618	-0.199576
0.554343	19	410	0.082163	0.002342	-0.203891
0.554343	20	364	0.082163	0.002108	-0.208071
0.554343	21	317	0.082163	0.001906	-0.212126
0.554343	22	306	0.082163	0.001732	-0.216066
0.554343	23	281	0.082163	0.001581	-0.219899
0.554343	24	254	0.082163	0.001448	-0.223633
0.554343	25	269	0.082163	0.001332	-0.227273
0.554343	26	207	0.082163	0.001229	-0.230827
0.554343	27	200	0.082163	0.001137	-0.234299
0.554343	28	228	0.082163	0.001055	-0.237695
0.554343	29	196	0.082163	0.000981	-0.241017
0.554343	30	180	0.082163	0.000915	-0.244271
0.554343	31	167	0.082163	0.000856	-0.247461
0.554343	32	163	0.082163	0.000802	-0.250588
0.554343	33	145	0.082163	0.000752	-0.253657
0.554343	34	121	0.082163	0.000708	-0.256671
0.554343	35	149	0.082163	0.000667	-0.259631
0.554343	36	144	0.082163	0.000629	-0.262541
0.554343	37	135	0.082163	0.000595	-0.265402
0.554343	38	121	0.082163	0.000563	-0.268217
0.554343	39	117	0.082163	0.000534	-0.270987
0.554343	40	107	0.082163	0.000506	-0.273715
0.554343	41	102	0.082163	0.000481	-0.276402
0.554343	42	96	0.082163	0.000458	-0.279049
0.554343	43	104	0.082163	0.000436	-0.281659
0.554343	44	76	0.082163	0.000416	-0.284232
0.554343	45	110	0.082163	0.000398	-0.286770
0.554343	46	78	0.082163	0.000380	-0.289275
0.554343	47	76	0.082163	0.000363	-0.291746
0.554343	48	85	0.082163	0.000348	-0.294186
0.554343	49	85	0.082163	0.000334	-0.296596
0.554343	50	71	0.082163	0.000320	-0.298976
0.554343	51	73	0.082163	0.000307	-0.301327
0.554343	52	63	0.082163	0.000295	-0.303651
0.554343	53	72	0.082163	0.000284	-0.305948
0.554343	54	73	0.082163	0.000273	-0.308218
0.554343	55	75	0.082163	0.000263	-0.310464
0.554343	56	58	0.082163	0.000253	-0.312685
0.554343	57	74	0.082163	0.000244	-0.314882
0.554343	58	59	0.082163	0.000236	-0.317056
0.554343	59	69	0.082163	0.000228	-0.319207
0.554343	60	72	0.082163	0.000220	-0.321337
0.554343	61	59	0.082163	0.000213	-0.323445
0.554343	62	63	0.082163	0.000206	-0.325532
0.554343	63	55	0.082163	0.000199	-0.327599
0.554343	64	60	0.082163	0.000193	-0.329646
0.554343	65	34	0.082163	0.000187	-0.331675
0.554343	66	45	0.082163	0.000181	-0.333684
0.554343	67	46	0.082163	0.000175	-0.335675
0.554343	68	54	0.082163	0.000170	-0.337648
0.554343	69	39	0.082163	0.000165	-0.339604
0.554343	70	41	0.082163	0.000160	-0.341542
0.554343	71	43	0.082163	0.000156	-0.343464
0.554343	72	51	0.082163	0.000151	-0.345370
0.554343	73	34	0.082163	0.000147	-0.347259
0.554343	74	44	0.082163	0.000143	-0.349134
0.554343	75	44	0.082163	0.000139	-0.350992
0.554343	76	37	0.082163	0.000135	-0.352836
0.554343	77	42	0.082163	0.000132	-0.354666
0.554343	78	31	0.082163	0.000128	-0.356481
0.554343	79	39	0.082163	0.000125	-0.358282
0.554343	80	33	0.082163	0.000122	-0.360069
0.554343	81	34	0.082163	0.000119	-0.361843
0.554343	82	41	0.082163	0.000116	-0.363604
0.554343	83	26	0.082163	0.000113	-0.365351
0.554343	84	39	0.082163	0.000110	-0.367087
0.554343	85	35	0.082163	0.000107	-0.368809
0.554343	86	32	0.082163	0.000105	-0.370520
0.554343	87	26	0.082163	0.000102	-0.372218
0.554343	88	33	0.082163	0.000100	-0.373905
0.554343	89	29	0.082163	0.000098	-0.375580
0.554343	90	29	0.082163	0.000096	-0.377244
0.554343	91	39	0.082163	0.000093	-0.378896
0.554343	92	27	0.082163	0.000091	-0.380538
0.554343	93	34	0.082163	0.000089	-0.382169
0.554343	94	23	0.082163	0.000087	-0.383789
0.554343	95	21	0.082163	0.000085	-0.385399
0.554343	96	20	0.082163	0.000084	-0.386999
0.554343	97	25	0.082163	0.000082	-0.388589
0.554343	98	24	0.082163	0.000080	-0.390169
0.554343	99	20	0.082163	0.000079	-0.391739
0.554343	100	29	0.082163	0.000077	-0.393300
0.554343	101	17	0.082163	0.000075	-0.394851
0.554343	102	26	0.082163	0.000074	-0.396393
0.554343	103	21	0.082163	0.000072	-0.397926
0.554343	104	24	0.082163	0.000071	-0.399450
0.554343	105	27	0.082163	0.000070	-0.400965
0.554343	106	24	0.082163	0.000068	-0.402471
0.554343	107	19	0.082163	0.000067	-0.403969
0.554343	108	20	0.082163	0.000066	-0.405458
0.554343	109	12	0.082163	0.000064	-0.406939
0.554343	110	22	0.082163	0.000063	-0.408412
0.554343	111	22	0.082163	0.000062	-0.409877
0.554343	112	16	0.082163	0.000061	-0.411334
0.554343	113	25	0.082163	0.000060	-0.412783
0.554343	114	10	0.082163	0.000059	-0.414224
0.554343	115	12	0.082163	0.000058	-0.415658
0.554343	116	16	0.082163	0.000057	-0.417084
0.554343	117	20	0.082163	0.000056	-0.418502
0.554343	118	16	0.082163	0.000055	-0.419914
0.554343	119	24	0.082163	0.000054	-0.421318
0.554343	120	22	0.082163	0.000053	-0.422715
0.554343	121	17	0.082163	0.000052	-0.424105
0.554343	122	18	0.082163	0.000051	-0.425488
0.554343	123	19	0.082163	0.000050	-0.426864
0.554343	124	11	0.082163	0.000049	-0.428234
0.554343	125	20	0.082163	0.000049	-0.429597
0.554343	126	16	0.082163	0.000048	-0.430953
0.554343	127	17	0.082163	0.000047	-0.432303
0.554343	128	20	0.082163	0.000046	-0.433646
0.554343	129	18	0.082163	0.000046	-0.434984
0.554343	130	10	0.082163	0.000045	-0.436314
0.554343	131	22	0.082163	0.000044	-0.437639
0.554343	132	10	0.082163	0.000043	-0.438958
0.554343	133	14	0.082163	0.000043	-0.440270
0.554343	134	15	0.082163	0.000042	-0.441577
0.554343	135	16	0.082163	0.000041	-0.442877
0.554343	136	16	0.082163	0.000041	-0.444172
0.554343	137	17	0.082163	0.000040	-0.445462
0.554343	138	16	0.082163	0.000040	-0.446745
0.554343	139	19	0.082163	0.000039	-0.448023
0.554343	140	13	0.082163	0.000038	-0.449295
0.554343	141	17	0.082163	0.000038	-0.450562
0.554343	142	13	0.082163	0.000037	-0.451824
0.554343	143	13	0.082163	0.000037	-0.453080
0.554343	144	16	0.082163	0.000036	-0.454330
0.554343	145	24	0.082163	0.000036	-0.455576
0.554343	146	7	0.082163	0.000035	-0.456816
0.554343	147	9	0.082163	0.000035	-0.458051
0.554343	148	11	0.082163	0.000034	-0.459282
0.554343	149	11	0.082163	0.000034	-0.460507
0.554343	150	13	0.082163	0.000033	-0.461727
0.554343	151	13	0.082163	0.000033	-0.462942
0.554343	152	14	0.082163	0.000033	-0.464153
0.554343	153	10	0.082163	0.000032	-0.465358
0.554343	154	9	0.082163	0.000032	-0.466559
0.554343	155	14	0.082163	0.000031	-0.467755
0.554343	156	10	0.082163	0.000031	-0.468947
0.554343	157	16	0.082163	0.000030	-0.470134
0.554343	158	8	0.082163	0.000030	-0.471316
0.554343	159	10	0.082163	0.000030	-0.472494
0.554343	160	7	0.082163	0.000029	-0.473667
0.554343	161	11	0.082163	0.000029	-0.474836
0.554343	162	11	0.082163	0.000029	-0.476001
0.554343	163	3	0.082163	0.000028	-0.477161
0.554343	164	10	0.082163	0.000028	-0.478317
0.554343	165	4	0.082163	0.000027	-0.479469
0.554343	166	12	0.082163	0.000027	-0.480616
0.554343	167	7	0.082163	0.000027	-0.481759
0.554343	168	7	0.082163	0.000026	-0.482899
0.554343	169	6	0.082163	0.000026	-0.484034
0.554343	170	12	0.082163	0.000026	-0.485165
0.554343	171	5	0.082163	0.000026	-0.486292
0.554343	172	14	0.082163	0.000025	-0.487415
0.554343	173	10	0.082163	0.000025	-0.488534
0.554343	174	7	0.082163	0.000025	-0.489649
0.554343	175	11	0.082163	0.000024	-0.490760
0.554343	176	13	0.082163	0.000024	-0.491868
0.554343	177	3	0.082163	0.000024	-0.492971
0.554343	178	14	0.082163	0.000023	-0.494071
0.554343	179	6	0.082163	0.000023	-0.495168
0.554343	180	9	0.082163	0.000023	-0.496260
0.554343	181	14	0.082163	0.000023	-0.497349
0.554343	182	9	0.082163	0.000022	-0.498434
0.554343	183	9	0.082163	0.000022	-0.499516
0.554343	184	7	0.082163	0.000022	-0.500594
0.554343	185	5	0.082163	0.000022	-0.501668
0.554343	186	9	0.082163	0.000021	-0.502739
0.554343	187	14	0.082163	0.000021	-0.503807
0.554343	188	9	0.082163	0.000021	-0.504871
0.554343	189	9	0.082163	0.000021	-0.505932
0.554343	190	7	0.082163	0.000021	-0.506989
0.554343	191	5	0.082163	0.000020	-0.508043
0.554343	192	2	0.082163	0.000020	-0.509093
0.554343	193	4	0.082163	0.000020	-0.510141
0.554343	194	8	0.082163	0.000020	-0.511185
0.554343	195	8	0.082163	0.000019	-0.512226
0.554343	196	12	0.082163	0.000019	-0.513263
0.554343	197	5	0.082163	0.000019	-0.514297
0.554343	198	5	0.082163	0.000019	-0.515329
0.554343	199	6	0.082163	0.000019	-0.516357
0.554343	200	5	0.082163	0.000018	-0.517382
0.554343	201	7	0.082163	0.000018	-0.518403
0.554343	202	6	0.082163	0.000018	-0.519422
0.554343	203	4	0.082163	0.000018	-0.520438
0.554343	204	8	0.082163	0.000018	-0.521451
0.554343	205	5	0.082163	0.000018	-0.522460
0.554343	206	4	0.082163	0.000017	-0.523467
0.554343	207	4	0.082163	0.000017	-0.524471
0.554343	208	4	0.082163	0.000017	-0.525472
0.554343	209	6	0.082163	0.000017	-0.526470
0.554343	210	4	0.082163	0.000017	-0.527465
0.554343	211	6	0.082163	0.000017	-0.528457
0.554343	212	10	0.082163	0.000016	-0.529446
0.554343	213	3	0.082163	0.000016	-0.530433
0.554343	214	6	0.082163	0.000016	-0.531417
0.554343	215	10	0.082163	0.000016	-0.532398
0.554343	216	6	0.082163	0.000016	-0.533376
0.554343	217	5	0.082163	0.000016	-0.534351
0.554343	218	2	0.082163	0.000015	-0.535324
0.554343	219	7	0.082163	0.000015	-0.536294
0.554343	220	9	0.082163	0.000015	-0.537262
0.554343	221	4	0.082163	0.000015	-0.538227
0.554343	222	9	0.082163	0.000015	-0.539189
0.554343	223	7	0.082163	0.000015	-0.540148
0.554343	224	8	0.082163	0.000015	-0.541105
0.554343	225	4	0.082163	0.000015	-0.542060
0.554343	226	3	0.082163	0.000014	-0.543011
0.554343	227	2	0.082163	0.000014	-0.543961
0.554343	228	3	0.082163	0.000014	-0.544907
0.554343	229	4	0.082163	0.000014	-0.545851
0.554343	230	6	0.082163	0.000014	-0.546793
0.554343	231	8	0.082163	0.000014	-0.547732
0.554343	232	2	0.082163	0.000014	-0.548669
0.554343	233	2	0.082163	0.000014	-0.549604
0.554343	234	4	0.082163	0.000013	-0.550536
0.554343	235	5	0.082163	0.000013	-0.551465
0.554343	236	4	0.082163	0.000013	-0.552392
0.554343	237	5	0.082163	0.000013	-0.553317
0.554343	238	3	0.082163	0.000013	-0.554239
0.554343	239	2	0.082163	0.000013	-0.555159
0.554343	240	7	0.082163	0.000013	-0.556077
0.554343	241	1	0.082163	0.000013	-0.556993
0.554343	242	6	0.082163	0.000012	-0.557906
0.554343	243	1	0.082163	0.000012	-0.558817
0.554343	244	5	0.082163	0.000012	-0.559725
0.554343	245	9	0.082163	0.000012	-0.560632
0.554343	246	4	0.082163	0.000012	-0.561536
0.554343	247	4	0.082163	0.000012	-0.562438
0.554343	248	2	0.082163	0.000012	-0.563337
0.554343	249	5	0.082163	0.000012	-0.564235
0.554343	250	2	0.082163	0.000012	-0.565130
0.554343	251	8	0.082163	0.000012	-0.566024
0.554343	252	2	0.082163	0.000011	-0.566915
0.554343	253	6	0.082163	0.000011	-0.567803
0.554343	254	5	0.082163	0.000011	-0.568690
0.554343	255	4	0.082163	0.000011	-0.569575
0.554343	256	3	0.082163	0.000011	-0.570457
0.554343	257	6	0.082163	0.000011	-0.571338
0.554343	258	2	0.082163	0.000011	-0.572216
0.554343	259	9	0.082163	0.000011	-0.573093
0.554343	260	4	0.082163	0.000011	-0.573967
0.554343	261	3	0.082163	0.000011	-0.574839
0.554343	262	2	0.082163	0.000011	-0.575710
0.554343	263	6	0.082163	0.000011	-0.576578
0.554343	264	4	0.082163	0.000010	-0.577444
0.554343	265	5	0.082163	0.000010	-0.578309
0.554343	266	4	0.082163	0.000010	-0.579171
0.554343	267	3	0.082163	0.000010	-0.580031
0.554343	268	5	0.082163	0.000010	-0.580890
0.554343	269	1	0.082163	0.000010	-0.581746
0.554343	270	3	0.082163	0.000010	-0.582601
0.554343	271	3	0.082163	0.000010	-0.583453
0.554343	272	4	0.082163	0.000010	-0.584304
0.554343	273	5	0.082163	0.000010	-0.585153
0.554343	274	3	0.082163	0.000010	-0.586000
0.554343	275	4	0.082163	0.000010	-0.586845
0.554343	276	6	0.082163	0.000010	-0.587688
0.554343	277	3	0.082163	0.000009	-0.588530
0.554343	278	1	0.082163	0.000009	-0.589370
0.554343	279	3	0.082163	0.000009	-0.590207
0.554343	280	2	0.082163	0.000009	-0.591043
0.554343	281	3	0.082163	0.000009	-0.591877
0.554343	282	2	0.082163	0.000009	-0.592710
0.554343	283	6	0.082163	0.000009	-0.593540
0.554343	284	6	0.082163	0.000009	-0.594369
0.554343	285	4	0.082163	0.000009	-0.595196
0.554343	286	3	0.082163	0.000009	-0.596022
0.554343	287	2	0.082163	0.000009	-0.596845
0.554343	288	5	0.082163	0.000009	-0.597667
0.554343	289	1	0.082163	0.000009	-0.598487
0.554343	290	3	0.082163	0.000009	-0.599305
0.554343	291	1	0.082163	0.000009	-0.600122
0.554343	292	6	0.082163	0.000008	-0.600937
0.554343	293	1	0.082163	0.000008	-0.601750
0.554343	294	5	0.082163	0.000008	-0.602562
0.554343	295	3	0.082163	0.000008	-0.603372
0.554343	296	4	0.082163	0.000008	-0.604180
0.554343	297	5	0.082163	0.000008	-0.604987
0.554343	298	2	0.082163	0.000008	-0.605792
0.554343	299	3	0.082163	0.000008	-0.606595
0.554343	300	3	0.082163	0.000008	-0.607397
0.554343	301	4	0.082163	0.000008	-0.608197
0.554343	302	4	0.082163	0.000008	-0.608996
0.554343	303	7	0.082163	0.000008	-0.609793
0.554343	304	3	0.082163	0.000008	-0.610588
0.554343	305	5	0.082163	0.000008	-0.611382
0.554343	306	7	0.082163	0.000008	-0.612174
0.554343	307	6	0.082163	0.000008	-0.612965
0.554343	308	4	0.082163	0.000008	-0.613754
0.554343	309	4	0.082163	0.000008	-0.614541
0.554343	310	2	0.082163	0.000008	-0.615327
0.554343	311	2	0.082163	0.000007	-0.616112
0.554343	312	4	0.082163	0.000007	-0.616895
0.554343	313	5	0.082163	0.000007	-0.617676
0.554343	314	5	0.082163	0.000007	-0.618456
0.554343	315	2	0.082163	0.000007	-0.619235
0.554343	316	0	0.082163	0.000007	-0.620012
0.554343	317	4	0.082163	0.000007	-0.620787
0.554343	318	0	0.082163	0.000007	-0.621561
0.554343	319	8	0.082163	0.000007	-0.622333
0.554343	320	2	0.082163	0.000007	-0.623104
0.554343	321	1	0.082163	0.000007	-0.623874
0.554343	322	4	0.082163	0.000007	-0.624642
0.554343	323	3	0.082163	0.000007	-0.625409
0.554343	324	2	0.082163	0.000007	-0.626174
0.554343	325	1	0.082163	0.000007	-0.626938
0.554343	326	6	0.082163	0.000007	-0.627700
0.554343	327	2	0.082163	0.000007	-0.628461
0.554343	328	4	0.082163	0.000007	-0.629221
0.554343	329	5	0.082163	0.000007	-0.629979
0.554343	330	2	0.082163	0.000007	-0.630736
0.554343	331	3	0.082163	0.000007	-0.631492
0.554343	332	1	0.082163	0.000007	-0.632246
0.554343	333	3	0.082163	0.000006	-0.632998
0.554343	334	3	0.082163	0.000006	-0.633750
0.554343	335	1	0.082163	0.000006	-0.634499
0.554343	336	3	0.082163	0.000006	-0.635248
0.554343	337	2	0.082163	0.000006	-0.635995
0.554343	338	1	0.082163	0.000006	-0.636741
0.554343	339	2	0.082163	0.000006	-0.637486
0.554343	340	2	0.082163	0.000006	-0.638229
0.554343	341	1	0.082163	0.000006	-0.638971
0.554343	342	5	0.082163	0.000006	-0.639712
0.554343	343	4	0.082163	0.000006	-0.640451
0.554343	344	0	0.082163	0.000006	-0.641189
0.554343	345	3	0.082163	0.000006	-0.641926
0.554343	346	3	0.082163	0.000006	-0.642661
0.554343	347	2	0.082163	0.000006	-0.643395
0.554343	348	1	0.082163	0.000006	-0.644128
0.554343	349	1	0.082163	0.000006	-0.644860
0.554343	350	2	0.082163	0.000006	-0.645590
0.554343	351	1	0.082163	0.000006	-0.646319
0.554343	352	2	0.082163	0.000006	-0.647047
0.554343	353	1	0.082163	0.000006	-0.647774
0.554343	354	0	0.082163	0.000006	-0.648499
0.554343	355	2	0.082163	0.000006	-0.649223
0.554343	356	1	0.082163	0.000006	-0.649946
0.554343	357	2	0.082163	0.000006	-0.650667
0.554343	358	3	0.082163	0.000006	-0.651388
0.554343	359	3	0.082163	0.000006	-0.652107
0.554343	360	2	0.082163	0.000006	-0.652825
0.554343	361	2	0.082163	0.000005	-0.653542
0.554343	362	3	0.082163	0.000005	-0.654257
0.554343	363	2	0.082163	0.000005	-0.654972
0.554343	364	1	0.082163	0.000005	-0.655685
0.554343	365	5	0.082163	0.000005	-0.656397
0.554343	366	0	0.082163	0.000005	-0.657108
0.554343	367	2	0.082163	0.000005	-0.657818
0.554343	368	2	0.082163	0.000005	-0.658526
0.554343	369	1	0.082163	0.000005	-0.659233
0.554343	370	3	0.082163	0.000005	-0.659940
0.554343	371	2	0.082163	0.000005	-0.660645
0.554343	372	2	0.082163	0.000005	-0.661348
0.554343	373	0	0.082163	0.000005	-0.662051
0.554343	374	1	0.082163	0.000005	-0.662753
0.554343	375	2	0.082163	0.000005	-0.663453
0.554343	376	3	0.082163	0.000005	-0.664153
0.554343	377	0	0.082163	0.000005	-0.664851
0.554343	378	2	0.082163	0.000005	-0.665548
0.554343	379	1	0.082163	0.000005	-0.666244
0.554343	380	0	0.082163	0.000005	-0.666939
0.554343	381	1	0.082163	0.000005	-0.667633
0.554343	382	1	0.082163	0.000005	-0.668325
0.554343	383	2	0.082163	0.000005	-0.669017
0.554343	384	4	0.082163	0.000005	-0.669707
0.554343	385	2	0.082163	0.000005	-0.670397
0.554343	386	1	0.082163	0.000005	-0.671085
0.554343	387	3	0.082163	0.000005	-0.671772
0.554343	388	1	0.082163	0.000005	-0.672458
0.554343	389	4	0.082163	0.000005	-0.673143
0.554343	390	0	0.082163	0.000005	-0.673827
0.554343	391	4	0.082163	0.000005	-0.674510
0.554343	392	0	0.082163	0.000005	-0.675192
0.554343	393	4	0.082163	0.000005	-0.675873
0.554343	394	1	0.082163	0.000005	-0.676553
0.554343	395	2	0.082163	0.000005	-0.677232
0.554343	396	4	0.082163	0.000005	-0.677910
0.554343	397	1	0.082163	0.000005	-0.678586
0.554343	398	4	0.082163	0.000004	-0.679262
0.554343	399	3	0.082163	0.000004	-0.679937
0.554343	400	1	0.082163	0.000004	-0.680610
0.554343	401	2	0.082163	0.000004	-0.681283
0.554343	402	3	0.082163	0.000004	-0.681954
0.554343	403	2	0.082163	0.000004	-0.682625
0.554343	404	2	0.082163	0.000004	-0.683295
0.554343	405	1	0.082163	0.000004	-0.683963
0.554343	406	2	0.082163	0.000004	-0.684631
0.554343	407	0	0.082163	0.000004	-0.685297
0.554343	408	1	0.082163	0.000004	-0.685963
0.554343	409	2	0.082163	0.000004	-0.686628
0.554343	410	1	0.082163	0.000004	-0.687291
0.554343	411	2	0.082163	0.000004	-0.687954
0.554343	412	2	0.082163	0.000004	-0.688616
0.554343	413	3	0.082163	0.000004	-0.689276
0.554343	414	3	0.082163	0.000004	-0.689936
0.554343	415	1	0.082163	0.000004	-0.690595
0.554343	416	1	0.082163	0.000004	-0.691253
0.554343	417	3	0.082163	0.000004	-0.691910
0.554343	418	0	0.082163	0.000004	-0.692566
0.554343	419	2	0.082163	0.000004	-0.693221
0.554343	420	2	0.082163	0.000004	-0.693875
0.554343	421	2	0.082163	0.000004	-0.694528
0.554343	422	2	0.082163	0.000004	-0.695180
0.554343	423	0	0.082163	0.000004	-0.695831
0.554343	424	2	0.082163	0.000004	-0.696481
0.554343	425	0	0.082163	0.000004	-0.697131
0.554343	426	0	0.082163	0.000004	-0.697779
0.554343	427	0	0.082163	0.000004	-0.698427
0.554343	428	0	0.082163	0.000004	-0.699073
0.554343	429	1	0.082163	0.000004	-0.699719
0.554343	430	1	0.082163	0.000004	-0.700364
0.554343	431	2	0.082163	0.000004	-0.701008
0.554343	432	3	0.082163	0.000004	-0.701651
0.554343	433	1	0.082163	0.000004	-0.702293
0.554343	434	0	0.082163	0.000004	-0.702934
0.554343	435	0	0.082163	0.000004	-0.703574
0.554343	436	2	0.082163	0.000004	-0.704214
0.554343	437	3	0.082163	0.000004	-0.704852
0.554343	438	0	0.082163	0.000004	-0.705490
0.554343	439	2	0.082163	0.000004	-0.706127
