0.509898	1	64352	0.082163	1.000000	-0.138685
0.509898	2	16692	0.082163	0.240315	-0.182439
0.509898	3	10290	0.082163	0.104367	-0.214180
0.509898	4	7166	0.082163	0.057751	-0.239996
0.509898	5	5037	0.082163	0.036494	-0.262145
0.509898	6	3812	0.082163	0.025081	-0.281752
0.509898	7	3091	0.082163	0.018266	-0.299468
0.509898	8	2466	0.082163	0.013879	-0.315713
0.509898	9	2119	0.082163	0.010892	-0.330772
0.509898	10	1824	0.082163	0.008770	-0.344850
0.509898	11	1581	0.082163	0.007209	-0.358100
0.509898	12	1330	0.082163	0.006027	-0.370641
0.509898	13	1215	0.082163	0.005112	-0.382565
0.509898	14	1095	0.082163	0.004389	-0.393947
0.509898	15	927	0.082163	0.003809	-0.404848
0.509898	16	812	0.082163	0.003335	-0.415317
0.509898	17	729	0.082163	0.002944	-0.425398
0.509898	18	673	0.082163	0.002618	-0.435127
0.509898	19	642	0.082163	0.002342	-0.444534
0.509898	20	582	0.082163	0.002108	-0.453646
0.509898	21	555	0.082163	0.001906	-0.462487
0.509898	22	480	0.082163	0.001732	-0.471077
0.509898	23	464	0.082163	0.001581	-0.479435
0.509898	24	398	0.082163	0.001448	-0.487575
0.509898	25	408	0.082163	0.001332	-0.495513
0.509898	26	390	0.082163	0.001229	-0.503261
0.509898	27	359	0.082163	0.001137	-0.510831
0.509898	28	300	0.082163	0.001055	-0.518234
0.509898	29	290	0.082163	0.000981	-0.525478
0.509898	30	288	0.082163	0.000915	-0.532573
0.509898	31	247	0.082163	0.000856	-0.539526
0.509898	32	281	0.082163	0.000802	-0.546345
0.509898	33	205	0.082163	0.000752	-0.553037
0.509898	34	258	0.082163	0.000708	-0.559607
0.509898	35	189	0.082163	0.000667	-0.566061
0.509898	36	202	0.082163	0.000629	-0.572405
0.509898	37	240	0.082163	0.000595	-0.578643
0.509898	38	185	0.082163	0.000563	-0.584780
0.509898	39	171	0.082163	0.000534	-0.590820
0.509898	40	177	0.082163	0.000506	-0.596767
0.509898	41	162	0.082163	0.000481	-0.602625
0.509898	42	181	0.082163	0.000458	-0.608397
0.509898	43	148	0.082163	0.000436	-0.614087
0.509898	44	137	0.082163	0.000416	-0.619697
0.509898	45	122	0.082163	0.000398	-0.625231
0.509898	46	115	0.082163	0.000380	-0.630691
0.509898	47	140	0.082163	0.000363	-0.636080
0.509898	48	131	0.082163	0.000348	-0.641400
0.509898	49	114	0.082163	0.000334	-0.646653
0.509898	50	136	0.082163	0.000320	-0.651842
0.509898	51	108	0.082163	0.000307	-0.656969
0.509898	52	94	0.082163	0.000295	-0.662035
0.509898	53	93	0.082163	0.000284	-0.667042
0.509898	54	83	0.082163	0.000273	-0.671993
0.509898	55	82	0.082163	0.000263	-0.676889
0.509898	56	85	0.082163	0.000253	-0.681731
0.509898	57	100	0.082163	0.000244	-0.686521
0.509898	58	84	0.082163	0.000236	-0.691261
0.509898	59	74	0.082163	0.000228	-0.695951
0.509898	60	81	0.082163	0.000220	-0.700594
0.509898	61	66	0.082163	0.000213	-0.705190
0.509898	62	71	0.082163	0.000206	-0.709741
0.509898	63	78	0.082163	0.000199	-0.714248
0.509898	64	81	0.082163	0.000193	-0.718712
0.509898	65	59	0.082163	0.000187	-0.723133
0.509898	66	74	0.082163	0.000181	-0.727514
0.509898	67	66	0.082163	0.000175	-0.731855
0.509898	68	57	0.082163	0.000170	-0.736157
0.509898	69	73	0.082163	0.000165	-0.740421
0.509898	70	52	0.082163	0.000160	-0.744647
0.509898	71	62	0.082163	0.000156	-0.748838
0.509898	72	56	0.082163	0.000151	-0.752992
0.509898	73	56	0.082163	0.000147	-0.757112
0.509898	74	51	0.082163	0.000143	-0.761198
0.509898	75	42	0.082163	0.000139	-0.765251
0.509898	76	48	0.082163	0.000135	-0.769272
0.509898	77	47	0.082163	0.000132	-0.773260
0.509898	78	49	0.082163	0.000128	-0.777217
0.509898	79	33	0.082163	0.000125	-0.781144
0.509898	80	47	0.082163	0.000122	-0.785041
0.509898	81	45	0.082163	0.000119	-0.788908
0.509898	82	38	0.082163	0.000116	-0.792747
0.509898	83	44	0.082163	0.000113	-0.796557
0.509898	84	43	0.082163	0.000110	-0.800340
0.509898	85	23	0.082163	0.000107	-0.804096
0.509898	86	35	0.082163	0.000105	-0.807825
0.509898	87	25	0.082163	0.000102	-0.811528
0.509898	88	33	0.082163	0.000100	-0.815206
0.509898	89	40	0.082163	0.000098	-0.818858
0.509898	90	34	0.082163	0.000096	-0.822485
0.509898	91	33	0.082163	0.000093	-0.826089
0.509898	92	29	0.082163	0.000091	-0.829668
0.509898	93	23	0.082163	0.000089	-0.833224
0.509898	94	24	0.082163	0.000087	-0.836757
0.509898	95	24	0.082163	0.000085	-0.840267
0.509898	96	33	0.082163	0.000084	-0.843755
0.509898	97	23	0.082163	0.000082	-0.847221
0.509898	98	29	0.082163	0.000080	-0.850666
0.509898	99	27	0.082163	0.000079	-0.854089
0.509898	100	24	0.082163	0.000077	-0.857491
0.509898	101	27	0.082163	0.000075	-0.860873
0.509898	102	25	0.082163	0.000074	-0.864235
0.509898	103	27	0.082163	0.000072	-0.867577
0.509898	104	14	0.082163	0.000071	-0.870900
0.509898	105	19	0.082163	0.000070	-0.874203
0.509898	106	14	0.082163	0.000068	-0.877487
0.509898	107	20	0.082163	0.000067	-0.880753
0.509898	108	21	0.082163	0.000066	-0.884000
0.509898	109	17	0.082163	0.000064	-0.887229
0.509898	110	20	0.082163	0.000063	-0.890440
0.509898	111	24	0.082163	0.000062	-0.893634
0.509898	112	21	0.082163	0.000061	-0.896810
0.509898	113	20	0.082163	0.000060	-0.899969
0.509898	114	29	0.082163	0.000059	-0.903111
0.509898	115	18	0.082163	0.000058	-0.906237
0.509898	116	21	0.082163	0.000057	-0.909346
0.509898	117	19	0.082163	0.000056	-0.912440
0.509898	118	19	0.082163	0.000055	-0.915517
0.509898	119	15	0.082163	0.000054	-0.918578
0.509898	120	18	0.082163	0.000053	-0.921624
0.509898	121	19	0.082163	0.000052	-0.924655
0.509898	122	18	0.082163	0.000051	-0.927671
0.509898	123	9	0.082163	0.000050	-0.930671
0.509898	124	17	0.082163	0.000049	-0.933657
0.509898	125	11	0.082163	0.000049	-0.936629
0.509898	126	11	0.082163	0.000048	-0.939586
0.509898	127	11	0.082163	0.000047	-0.942529
0.509898	128	10	0.082163	0.000046	-0.945458
0.509898	129	20	0.082163	0.000046	-0.948373
0.509898	130	14	0.082163	0.000045	-0.951274
0.509898	131	16	0.082163	0.000044	-0.954162
0.509898	132	8	0.082163	0.000043	-0.957037
0.509898	133	16	0.082163	0.000043	-0.959899
0.509898	134	14	0.082163	0.000042	-0.962748
0.509898	135	11	0.082163	0.000041	-0.965584
0.509898	136	11	0.082163	0.000041	-0.968407
0.509898	137	9	0.082163	0.000040	-0.971217
0.509898	138	10	0.082163	0.000040	-0.974016
0.509898	139	7	0.082163	0.000039	-0.976802
0.509898	140	7	0.082163	0.000038	-0.979576
0.509898	141	4	0.082163	0.000038	-0.982338
0.509898	142	12	0.082163	0.000037	-0.985088
0.509898	143	7	0.082163	0.000037	-0.987827
0.509898	144	13	0.082163	0.000036	-0.990554
0.509898	145	10	0.082163	0.000036	-0.993269
0.509898	146	6	0.082163	0.000035	-0.995974
0.509898	147	7	0.082163	0.000035	-0.998667
0.509898	148	9	0.082163	0.000034	-1.001349
0.509898	149	13	0.082163	0.000034	-1.004020
0.509898	150	8	0.082163	0.000033	-1.006680
0.509898	151	8	0.082163	0.000033	-1.009330
0.509898	152	10	0.082163	0.000033	-1.011969
0.509898	153	7	0.082163	0.000032	-1.014597
0.509898	154	7	0.082163	0.000032	-1.017216
0.509898	155	8	0.082163	0.000031	-1.019824
0.509898	156	4	0.082163	0.000031	-1.022421
0.509898	157	5	0.082163	0.000030	-1.025009
0.509898	158	10	0.082163	0.000030	-1.027587
0.509898	159	4	0.082163	0.000030	-1.030155
0.509898	160	6	0.082163	0.000029	-1.032713
0.509898	161	10	0.082163	0.000029	-1.035262
0.509898	162	5	0.082163	0.000029	-1.037801
0.509898	163	9	0.082163	0.000028	-1.040330
0.509898	164	7	0.082163	0.000028	-1.042850
0.509898	165	7	0.082163	0.000027	-1.045361
0.509898	166	5	0.082163	0.000027	-1.047863
0.509898	167	9	0.082163	0.000027	-1.050356
0.509898	168	9	0.082163	0.000026	-1.052839
0.509898	169	9	0.082163	0.000026	-1.055314
0.509898	170	9	0.082163	0.000026	-1.057780
0.509898	171	7	0.082163	0.000026	-1.060237
0.509898	172	7	0.082163	0.000025	-1.062686
0.509898	173	4	0.082163	0.000025	-1.065126
0.509898	174	5	0.082163	0.000025	-1.067557
0.509898	175	10	0.082163	0.000024	-1.069980
0.509898	176	4	0.082163	0.000024	-1.072395
0.509898	177	2	0.082163	0.000024	-1.074801
0.509898	178	5	0.082163	0.000023	-1.077199
0.509898	179	1	0.082163	0.000023	-1.079589
0.509898	180	4	0.082163	0.000023	-1.081971
0.509898	181	4	0.082163	0.000023	-1.084345
0.509898	182	5	0.082163	0.000022	-1.086711
0.509898	183	6	0.082163	0.000022	-1.089069
0.509898	184	9	0.082163	0.000022	-1.091420
0.509898	185	4	0.082163	0.000022	-1.093762
0.509898	186	2	0.082163	0.000021	-1.096097
0.509898	187	5	0.082163	0.000021	-1.098425
0.509898	188	7	0.082163	0.000021	-1.100745
0.509898	189	4	0.082163	0.000021	-1.103057
0.509898	190	2	0.082163	0.000021	-1.105362
0.509898	191	7	0.082163	0.000020	-1.107660
0.509898	192	7	0.082163	0.000020	-1.109951
0.509898	193	7	0.082163	0.000020	-1.112234
0.509898	194	1	0.082163	0.000020	-1.114511
0.509898	195	11	0.082163	0.000019	-1.116780
0.509898	196	3	0.082163	0.000019	-1.119042
0.509898	197	4	0.082163	0.000019	-1.121297
0.509898	198	5	0.082163	0.000019	-1.123545
0.509898	199	4	0.082163	0.000019	-1.125787
0.509898	200	3	0.082163	0.000018	-1.128021
0.509898	201	4	0.082163	0.000018	-1.130249
0.509898	202	4	0.082163	0.000018	-1.132470
0.509898	203	1	0.082163	0.000018	-1.134685
0.509898	204	1	0.082163	0.000018	-1.136893
0.509898	205	3	0.082163	0.000018	-1.139094
0.509898	206	3	0.082163	0.000017	-1.141289
0.509898	207	4	0.082163	0.000017	-1.143478
0.509898	208	3	0.082163	0.000017	-1.145660
0.509898	209	2	0.082163	0.000017	-1.147836
0.509898	210	5	0.082163	0.000017	-1.150005
0.509898	211	3	0.082163	0.000017	-1.152168
0.509898	212	1	0.082163	0.000016	-1.154325
0.509898	213	0	0.082163	0.000016	-1.156476
0.509898	214	1	0.082163	0.000016	-1.158621
0.509898	215	1	0.082163	0.000016	-1.160760
0.509898	216	3	0.082163	0.000016	-1.162893
0.509898	217	3	0.082163	0.000016	-1.165020
0.509898	218	0	0.082163	0.000015	-1.167141
0.509898	219	5	0.082163	0.000015	-1.169256
0.509898	220	3	0.082163	0.000015	-1.171365
0.509898	221	1	0.082163	0.000015	-1.173468
0.509898	222	1	0.082163	0.000015	-1.175566
0.509898	223	3	0.082163	0.000015	-1.177658
0.509898	224	1	0.082163	0.000015	-1.179744
0.509898	225	3	0.082163	0.000015	-1.181825
0.509898	226	0	0.082163	0.000014	-1.183900
0.509898	227	0	0.082163	0.000014	-1.185970
0.509898	228	0	0.082163	0.000014	-1.188034
0.509898	229	2	0.082163	0.000014	-1.190092
0.509898	230	1	0.082163	0.000014	-1.192146
0.509898	231	1	0.082163	0.000014	-1.194193
0.509898	232	2	0.082163	0.000014	-1.196236
0.509898	233	1	0.082163	0.000014	-1.198273
0.509898	234	4	0.082163	0.000013	-1.200305
0.509898	235	1	0.082163	0.000013	-1.202332
0.509898	236	1	0.082163	0.000013	-1.204353
0.509898	237	0	0.082163	0.000013	-1.206369
0.509898	238	3	0.082163	0.000013	-1.208380
0.509898	239	1	0.082163	0.000013	-1.210386
0.509898	240	1	0.082163	0.000013	-1.212387
0.509898	241	2	0.082163	0.000013	-1.214383
0.509898	242	2	0.082163	0.000012	-1.216374
0.509898	243	4	0.082163	0.000012	-1.218360
0.509898	244	2	0.082163	0.000012	-1.220341
0.509898	245	2	0.082163	0.000012	-1.222317
0.509898	246	2	0.082163	0.000012	-1.224288
0.509898	247	1	0.082163	0.000012	-1.226255
0.509898	248	2	0.082163	0.000012	-1.228216
0.509898	249	1	0.082163	0.000012	-1.230173
0.509898	250	0	0.082163	0.000012	-1.232125
0.509898	251	2	0.082163	0.000012	-1.234073
0.509898	252	1	0.082163	0.000011	-1.236015
0.509898	253	0	0.082163	0.000011	-1.237953
0.509898	254	2	0.082163	0.000011	-1.239887
0.509898	255	0	0.082163	0.000011	-1.241816
0.509898	256	1	0.082163	0.000011	-1.243740
0.509898	257	1	0.082163	0.000011	-1.245659
0.509898	258	0	0.082163	0.000011	-1.247575
0.509898	259	1	0.082163	0.000011	-1.249485
0.509898	260	1	0.082163	0.000011	-1.251392
0.509898	261	1	0.082163	0.000011	-1.253293
0.509898	262	1	0.082163	0.000011	-1.255191
0.509898	263	1	0.082163	0.000011	-1.257084
0.509898	264	2	0.082163	0.000010	-1.258973
0.509898	265	1	0.082163	0.000010	-1.260857
0.509898	266	0	0.082163	0.000010	-1.262737
0.509898	267	3	0.082163	0.000010	-1.264613
0.509898	268	0	0.082163	0.000010	-1.266485
0.509898	269	0	0.082163	0.000010	-1.268352
0.509898	270	2	0.082163	0.000010	-1.270215
0.509898	271	2	0.082163	0.000010	-1.272074
0.509898	272	2	0.082163	0.000010	-1.273929
0.509898	273	1	0.082163	0.000010	-1.275780
0.509898	274	1	0.082163	0.000010	-1.277627
0.509898	275	1	0.082163	0.000010	-1.279469
0.509898	276	4	0.082163	0.000010	-1.281308
0.509898	277	1	0.082163	0.000009	-1.283142
0.509898	278	0	0.082163	0.000009	-1.284973
0.509898	279	2	0.082163	0.000009	-1.286799
0.509898	280	3	0.082163	0.000009	-1.288622
0.509898	281	0	0.082163	0.000009	-1.290441
0.509898	282	0	0.082163	0.000009	-1.292255
0.509898	283	2	0.082163	0.000009	-1.294066
0.509898	284	1	0.082163	0.000009	-1.295873
0.509898	285	2	0.082163	0.000009	-1.297676
0.509898	286	1	0.082163	0.000009	-1.299476
0.509898	287	1	0.082163	0.000009	-1.301271
0.509898	288	1	0.082163	0.000009	-1.303063
0.509898	289	2	0.082163	0.000009	-1.304851
0.509898	290	0	0.082163	0.000009	-1.306635
0.509898	291	0	0.082163	0.000009	-1.308416
0.509898	292	0	0.082163	0.000008	-1.310193
0.509898	293	0	0.082163	0.000008	-1.311966
0.509898	294	0	0.082163	0.000008	-1.313736
0.509898	295	1	0.082163	0.000008	-1.315502
0.509898	296	0	0.082163	0.000008	-1.317264
0.509898	297	0	0.082163	0.000008	-1.319023
0.509898	298	2	0.082163	0.000008	-1.320778
0.509898	299	2	0.082163	0.000008	-1.322529
0.509898	300	0	0.082163	0.000008	-1.324277
0.509898	301	1	0.082163	0.000008	-1.326022
0.509898	302	1	0.082163	0.000008	-1.327763
0.509898	303	2	0.082163	0.000008	-1.329500
0.509898	304	0	0.082163	0.000008	-1.331235
0.509898	305	0	0.082163	0.000008	-1.332965
0.509898	306	1	0.082163	0.000008	-1.334692
0.509898	307	0	0.082163	0.000008	-1.336416
0.509898	308	1	0.082163	0.000008	-1.338137
0.509898	309	0	0.082163	0.000008	-1.339854
0.509898	310	1	0.082163	0.000008	-1.341567
0.509898	311	0	0.082163	0.000007	-1.343278
0.509898	312	0	0.082163	0.000007	-1.344985
0.509898	313	0	0.082163	0.000007	-1.346688
0.509898	314	0	0.082163	0.000007	-1.348389
0.509898	315	0	0.082163	0.000007	-1.350086
0.509898	316	4	0.082163	0.000007	-1.351780
0.509898	317	1	0.082163	0.000007	-1.353471
0.509898	318	0	0.082163	0.000007	-1.355158
0.509898	319	1	0.082163	0.000007	-1.356842
0.509898	320	0	0.082163	0.000007	-1.358523
0.509898	321	0	0.082163	0.000007	-1.360201
0.509898	322	0	0.082163	0.000007	-1.361876
0.509898	323	0	0.082163	0.000007	-1.363548
0.509898	324	1	0.082163	0.000007	-1.365216
0.509898	325	1	0.082163	0.000007	-1.366881
0.509898	326	2	0.082163	0.000007	-1.368544
0.509898	327	1	0.082163	0.000007	-1.370203
0.509898	328	0	0.082163	0.000007	-1.371859
0.509898	329	1	0.082163	0.000007	-1.373512
0.509898	330	1	0.082163	0.000007	-1.375162
0.509898	331	0	0.082163	0.000007	-1.376809
0.509898	332	0	0.082163	0.000007	-1.378453
0.509898	333	1	0.082163	0.000006	-1.380094
0.509898	334	0	0.082163	0.000006	-1.381732
0.509898	335	1	0.082163	0.000006	-1.383367
0.509898	336	1	0.082163	0.000006	-1.385000
0.509898	337	0	0.082163	0.000006	-1.386629
0.509898	338	1	0.082163	0.000006	-1.388255
0.509898	339	0	0.082163	0.000006	-1.389878
0.509898	340	1	0.082163	0.000006	-1.391499
0.509898	341	2	0.082163	0.000006	-1.393116
0.509898	342	0	0.082163	0.000006	-1.394731
0.509898	343	0	0.082163	0.000006	-1.396343
0.509898	344	0	0.082163	0.000006	-1.397952
0.509898	345	0	0.082163	0.000006	-1.399558
0.509898	346	0	0.082163	0.000006	-1.401162
0.509898	347	0	0.082163	0.000006	-1.402762
0.509898	348	1	0.082163	0.000006	-1.404360
0.509898	349	1	0.082163	0.000006	-1.405955
0.509898	350	0	0.082163	0.000006	-1.407548
0.509898	351	0	0.082163	0.000006	-1.409137
0.509898	352	0	0.082163	0.000006	-1.410724
0.509898	353	1	0.082163	0.000006	-1.412308
0.509898	354	0	0.082163	0.000006	-1.413890
0.509898	355	2	0.082163	0.000006	-1.415468
0.509898	356	0	0.082163	0.000006	-1.417044
0.509898	357	1	0.082163	0.000006	-1.418618
0.509898	358	0	0.082163	0.000006	-1.420188
0.509898	359	0	0.082163	0.000006	-1.421756
0.509898	360	1	0.082163	0.000006	-1.423322
0.509898	361	1	0.082163	0.000005	-1.424884
0.509898	362	0	0.082163	0.000005	-1.426445
0.509898	363	0	0.082163	0.000005	-1.428002
0.509898	364	0	0.082163	0.000005	-1.429557
0.509898	365	2	0.082163	0.000005	-1.431109
0.509898	366	0	0.082163	0.000005	-1.432659
0.509898	367	0	0.082163	0.000005	-1.434207
0.509898	368	0	0.082163	0.000005	-1.435751
0.509898	369	0	0.082163	0.000005	-1.437293
0.509898	370	0	0.082163	0.000005	-1.438833
0.509898	371	0	0.082163	0.000005	-1.440370
0.509898	372	0	0.082163	0.000005	-1.441905
0.509898	373	0	0.082163	0.000005	-1.443437
0.509898	374	0	0.082163	0.000005	-1.444967
0.509898	375	0	0.082163	0.000005	-1.446494
0.509898	376	0	0.082163	0.000005	-1.448018
0.509898	377	0	0.082163	0.000005	-1.449541
0.509898	378	0	0.082163	0.000005	-1.451061
0.509898	379	2	0.082163	0.000005	-1.452578
0.509898	380	0	0.082163	0.000005	-1.454093
0.509898	381	0	0.082163	0.000005	-1.455606
0.509898	382	0	0.082163	0.000005	-1.457116
0.509898	383	1	0.082163	0.000005	-1.458624
0.509898	384	0	0.082163	0.000005	-1.460129
0.509898	385	0	0.082163	0.000005	-1.461632
0.509898	386	0	0.082163	0.000005	-1.463133
0.509898	387	0	0.082163	0.000005	-1.464631
0.509898	388	0	0.082163	0.000005	-1.466127
0.509898	389	1	0.082163	0.000005	-1.467621
0.509898	390	0	0.082163	0.000005	-1.469112
0.509898	391	0	0.082163	0.000005	-1.470601
0.509898	392	0	0.082163	0.000005	-1.472088
0.509898	393	1	0.082163	0.000005	-1.473572
0.509898	394	0	0.082163	0.000005	-1.475055
0.509898	395	0	0.082163	0.000005	-1.476535
0.509898	396	0	0.082163	0.000005	-1.478012
0.509898	397	0	0.082163	0.000005	-1.479488
0.509898	398	0	0.082163	0.000004	-1.480961
0.509898	399	0	0.082163	0.000004	-1.482432
0.509898	400	0	0.082163	0.000004	-1.483900
0.509898	401	0	0.082163	0.000004	-1.485367
0.509898	402	0	0.082163	0.000004	-1.486831
0.509898	403	0	0.082163	0.000004	-1.488293
0.509898	404	0	0.082163	0.000004	-1.489753
0.509898	405	0	0.082163	0.000004	-1.491211
0.509898	406	1	0.082163	0.000004	-1.492666
0.509898	407	0	0.082163	0.000004	-1.494120
0.509898	408	0	0.082163	0.000004	-1.495571
0.509898	409	0	0.082163	0.000004	-1.497020
0.509898	410	0	0.082163	0.000004	-1.498467
0.509898	411	1	0.082163	0.000004	-1.499911
0.509898	412	0	0.082163	0.000004	-1.501354
0.509898	413	0	0.082163	0.000004	-1.502795
0.509898	414	0	0.082163	0.000004	-1.504233
0.509898	415	0	0.082163	0.000004	-1.505669
0.509898	416	0	0.082163	0.000004	-1.507104
0.509898	417	0	0.082163	0.000004	-1.508536
0.509898	418	0	0.082163	0.000004	-1.509966
0.509898	419	0	0.082163	0.000004	-1.511394
0.509898	420	0	0.082163	0.000004	-1.512820
0.509898	421	0	0.082163	0.000004	-1.514244
0.509898	422	0	0.082163	0.000004	-1.515666
0.509898	423	0	0.082163	0.000004	-1.517085
0.509898	424	0	0.082163	0.000004	-1.518503
0.509898	425	0	0.082163	0.000004	-1.519919
0.509898	426	0	0.082163	0.000004	-1.521333
0.509898	427	0	0.082163	0.000004	-1.522745
0.509898	428	1	0.082163	0.000004	-1.524154
0.509898	429	0	0.082163	0.000004	-1.525562
0.509898	430	0	0.082163	0.000004	-1.526968
0.509898	431	0	0.082163	0.000004	-1.528372
0.509898	432	0	0.082163	0.000004	-1.529774
0.509898	433	0	0.082163	0.000004	-1.531174
0.509898	434	0	0.082163	0.000004	-1.532571
0.509898	435	0	0.082163	0.000004	-1.533967
0.509898	436	0	0.082163	0.000004	-1.535362
0.509898	437	0	0.082163	0.000004	-1.536754
0.509898	438	0	0.082163	0.000004	-1.538144
0.509898	439	0	0.082163	0.000004	-1.539532
