0.582626	1	39315	0.082163	1.000000	-0.015834
0.582626	2	8826	0.082163	0.240315	-0.020830
0.582626	3	5128	0.082163	0.104367	-0.024454
0.582626	4	3419	0.082163	0.057751	-0.027402
0.582626	5	2292	0.082163	0.036494	-0.029931
0.582626	6	1775	0.082163	0.025081	-0.032169
0.582626	7	1316	0.082163	0.018266	-0.034192
0.582626	8	1100	0.082163	0.013879	-0.036047
0.582626	9	930	0.082163	0.010892	-0.037766
0.582626	10	729	0.082163	0.008770	-0.039374
0.582626	11	680	0.082163	0.007209	-0.040886
0.582626	12	611	0.082163	0.006027	-0.042318
0.582626	13	472	0.082163	0.005112	-0.043680
0.582626	14	446	0.082163	0.004389	-0.044979
0.582626	15	373	0.082163	0.003809	-0.046224
0.582626	16	328	0.082163	0.003335	-0.047419
0.582626	17	320	0.082163	0.002944	-0.048570
0.582626	18	287	0.082163	0.002618	-0.049681
0.582626	19	238	0.082163	0.002342	-0.050755
0.582626	20	245	0.082163	0.002108	-0.051795
0.582626	21	210	0.082163	0.001906	-0.052805
0.582626	22	203	0.082163	0.001732	-0.053786
0.582626	23	176	0.082163	0.001581	-0.054740
0.582626	24	167	0.082163	0.001448	-0.055669
0.582626	25	146	0.082163	0.001332	-0.056576
0.582626	26	129	0.082163	0.001229	-0.057460
0.582626	27	122	0.082163	0.001137	-0.058325
0.582626	28	134	0.082163	0.001055	-0.059170
0.582626	29	144	0.082163	0.000981	-0.059997
0.582626	30	103	0.082163	0.000915	-0.060807
0.582626	31	132	0.082163	0.000856	-0.061601
0.582626	32	109	0.082163	0.000802	-0.062379
0.582626	33	91	0.082163	0.000752	-0.063143
0.582626	34	105	0.082163	0.000708	-0.063894
0.582626	35	93	0.082163	0.000667	-0.064631
0.582626	36	89	0.082163	0.000629	-0.065355
0.582626	37	87	0.082163	0.000595	-0.066067
0.582626	38	71	0.082163	0.000563	-0.066768
0.582626	39	63	0.082163	0.000534	-0.067457
0.582626	40	81	0.082163	0.000506	-0.068136
0.582626	41	72	0.082163	0.000481	-0.068805
0.582626	42	64	0.082163	0.000458	-0.069464
0.582626	43	59	0.082163	0.000436	-0.070114
0.582626	44	53	0.082163	0.000416	-0.070755
0.582626	45	45	0.082163	0.000398	-0.071386
0.582626	46	70	0.082163	0.000380	-0.072010
0.582626	47	52	0.082163	0.000363	-0.072625
0.582626	48	33	0.082163	0.000348	-0.073232
0.582626	49	45	0.082163	0.000334	-0.073832
0.582626	50	48	0.082163	0.000320	-0.074425
0.582626	51	47	0.082163	0.000307	-0.075010
0.582626	52	46	0.082163	0.000295	-0.075588
0.582626	53	48	0.082163	0.000284	-0.076160
0.582626	54	41	0.082163	0.000273	-0.076725
0.582626	55	50	0.082163	0.000263	-0.077284
0.582626	56	37	0.082163	0.000253	-0.077837
0.582626	57	42	0.082163	0.000244	-0.078384
0.582626	58	25	0.082163	0.000236	-0.078925
0.582626	59	43	0.082163	0.000228	-0.079461
0.582626	60	52	0.082163	0.000220	-0.079991
0.582626	61	36	0.082163	0.000213	-0.080516
0.582626	62	31	0.082163	0.000206	-0.081035
0.582626	63	39	0.082163	0.000199	-0.081550
0.582626	64	32	0.082163	0.000193	-0.082060
0.582626	65	31	0.082163	0.000187	-0.082564
0.582626	66	40	0.082163	0.000181	-0.083065
0.582626	67	28	0.082163	0.000175	-0.083560
0.582626	68	25	0.082163	0.000170	-0.084051
0.582626	69	28	0.082163	0.000165	-0.084538
0.582626	70	29	0.082163	0.000160	-0.085021
0.582626	71	26	0.082163	0.000156	-0.085499
0.582626	72	26	0.082163	0.000151	-0.085974
0.582626	73	22	0.082163	0.000147	-0.086444
0.582626	74	29	0.082163	0.000143	-0.086911
0.582626	75	25	0.082163	0.000139	-0.087373
0.582626	76	15	0.082163	0.000135	-0.087832
0.582626	77	25	0.082163	0.000132	-0.088288
0.582626	78	22	0.082163	0.000128	-0.088739
0.582626	79	14	0.082163	0.000125	-0.089188
0.582626	80	20	0.082163	0.000122	-0.089633
0.582626	81	13	0.082163	0.000119	-0.090074
0.582626	82	22	0.082163	0.000116	-0.090513
0.582626	83	19	0.082163	0.000113	-0.090948
0.582626	84	23	0.082163	0.000110	-0.091380
0.582626	85	21	0.082163	0.000107	-0.091808
0.582626	86	26	0.082163	0.000105	-0.092234
0.582626	87	11	0.082163	0.000102	-0.092657
0.582626	88	22	0.082163	0.000100	-0.093077
0.582626	89	24	0.082163	0.000098	-0.093494
0.582626	90	23	0.082163	0.000096	-0.093908
0.582626	91	12	0.082163	0.000093	-0.094319
0.582626	92	16	0.082163	0.000091	-0.094728
0.582626	93	20	0.082163	0.000089	-0.095134
0.582626	94	16	0.082163	0.000087	-0.095537
0.582626	95	12	0.082163	0.000085	-0.095938
0.582626	96	11	0.082163	0.000084	-0.096336
0.582626	97	12	0.082163	0.000082	-0.096732
0.582626	98	23	0.082163	0.000080	-0.097126
0.582626	99	10	0.082163	0.000079	-0.097516
0.582626	100	12	0.082163	0.000077	-0.097905
0.582626	101	19	0.082163	0.000075	-0.098291
0.582626	102	12	0.082163	0.000074	-0.098675
0.582626	103	8	0.082163	0.000072	-0.099056
0.582626	104	15	0.082163	0.000071	-0.099436
0.582626	105	14	0.082163	0.000070	-0.099813
0.582626	106	19	0.082163	0.000068	-0.100188
0.582626	107	20	0.082163	0.000067	-0.100561
0.582626	108	15	0.082163	0.000066	-0.100931
0.582626	109	13	0.082163	0.000064	-0.101300
0.582626	110	17	0.082163	0.000063	-0.101667
0.582626	111	12	0.082163	0.000062	-0.102031
0.582626	112	5	0.082163	0.000061	-0.102394
0.582626	113	11	0.082163	0.000060	-0.102755
0.582626	114	10	0.082163	0.000059	-0.103114
0.582626	115	13	0.082163	0.000058	-0.103470
0.582626	116	11	0.082163	0.000057	-0.103825
0.582626	117	12	0.082163	0.000056	-0.104179
0.582626	118	12	0.082163	0.000055	-0.104530
0.582626	119	12	0.082163	0.000054	-0.104880
0.582626	120	14	0.082163	0.000053	-0.105227
0.582626	121	15	0.082163	0.000052	-0.105573
0.582626	122	7	0.082163	0.000051	-0.105918
0.582626	123	11	0.082163	0.000050	-0.106260
0.582626	124	8	0.082163	0.000049	-0.106601
0.582626	125	9	0.082163	0.000049	-0.106940
0.582626	126	9	0.082163	0.000048	-0.107278
0.582626	127	11	0.082163	0.000047	-0.107614
0.582626	128	6	0.082163	0.000046	-0.107948
0.582626	129	11	0.082163	0.000046	-0.108281
0.582626	130	9	0.082163	0.000045	-0.108613
0.582626	131	5	0.082163	0.000044	-0.108942
0.582626	132	10	0.082163	0.000043	-0.109271
0.582626	133	11	0.082163	0.000043	-0.109597
0.582626	134	9	0.082163	0.000042	-0.109923
0.582626	135	9	0.082163	0.000041	-0.110246
0.582626	136	8	0.082163	0.000041	-0.110569
0.582626	137	7	0.082163	0.000040	-0.110890
0.582626	138	8	0.082163	0.000040	-0.111209
0.582626	139	6	0.082163	0.000039	-0.111527
0.582626	140	14	0.082163	0.000038	-0.111844
0.582626	141	9	0.082163	0.000038	-0.112159
0.582626	142	5	0.082163	0.000037	-0.112473
0.582626	143	7	0.082163	0.000037	-0.112786
0.582626	144	7	0.082163	0.000036	-0.113097
0.582626	145	7	0.082163	0.000036	-0.113407
0.582626	146	10	0.082163	0.000035	-0.113716
0.582626	147	9	0.082163	0.000035	-0.114024
0.582626	148	13	0.082163	0.000034	-0.114330
0.582626	149	10	0.082163	0.000034	-0.114635
0.582626	150	8	0.082163	0.000033	-0.114939
0.582626	151	11	0.082163	0.000033	-0.115241
0.582626	152	11	0.082163	0.000033	-0.115542
0.582626	153	7	0.082163	0.000032	-0.115843
0.582626	154	14	0.082163	0.000032	-0.116142
0.582626	155	5	0.082163	0.000031	-0.116439
0.582626	156	4	0.082163	0.000031	-0.116736
0.582626	157	11	0.082163	0.000030	-0.117031
0.582626	158	14	0.082163	0.000030	-0.117326
0.582626	159	10	0.082163	0.000030	-0.117619
0.582626	160	5	0.082163	0.000029	-0.117911
0.582626	161	3	0.082163	0.000029	-0.118202
0.582626	162	6	0.082163	0.000029	-0.118492
0.582626	163	7	0.082163	0.000028	-0.118781
0.582626	164	5	0.082163	0.000028	-0.119068
0.582626	165	4	0.082163	0.000027	-0.119355
0.582626	166	2	0.082163	0.000027	-0.119641
0.582626	167	4	0.082163	0.000027	-0.119925
0.582626	168	10	0.082163	0.000026	-0.120209
0.582626	169	9	0.082163	0.000026	-0.120491
0.582626	170	3	0.082163	0.000026	-0.120773
0.582626	171	11	0.082163	0.000026	-0.121054
0.582626	172	2	0.082163	0.000025	-0.121333
0.582626	173	3	0.082163	0.000025	-0.121612
0.582626	174	6	0.082163	0.000025	-0.121889
0.582626	175	9	0.082163	0.000024	-0.122166
0.582626	176	4	0.082163	0.000024	-0.122442
0.582626	177	9	0.082163	0.000024	-0.122716
0.582626	178	3	0.082163	0.000023	-0.122990
0.582626	179	8	0.082163	0.000023	-0.123263
0.582626	180	8	0.082163	0.000023	-0.123535
0.582626	181	6	0.082163	0.000023	-0.123806
0.582626	182	3	0.082163	0.000022	-0.124076
0.582626	183	2	0.082163	0.000022	-0.124345
0.582626	184	8	0.082163	0.000022	-0.124614
0.582626	185	6	0.082163	0.000022	-0.124881
0.582626	186	7	0.082163	0.000021	-0.125148
0.582626	187	7	0.082163	0.000021	-0.125414
0.582626	188	4	0.082163	0.000021	-0.125679
0.582626	189	6	0.082163	0.000021	-0.125943
0.582626	190	1	0.082163	0.000021	-0.126206
0.582626	191	6	0.082163	0.000020	-0.126468
0.582626	192	6	0.082163	0.000020	-0.126730
0.582626	193	4	0.082163	0.000020	-0.126990
0.582626	194	5	0.082163	0.000020	-0.127250
0.582626	195	5	0.082163	0.000019	-0.127509
0.582626	196	6	0.082163	0.000019	-0.127768
0.582626	197	1	0.082163	0.000019	-0.128025
0.582626	198	7	0.082163	0.000019	-0.128282
0.582626	199	11	0.082163	0.000019	-0.128538
0.582626	200	2	0.082163	0.000018	-0.128793
0.582626	201	4	0.082163	0.000018	-0.129047
0.582626	202	2	0.082163	0.000018	-0.129301
0.582626	203	2	0.082163	0.000018	-0.129554
0.582626	204	7	0.082163	0.000018	-0.129806
0.582626	205	4	0.082163	0.000018	-0.130057
0.582626	206	3	0.082163	0.000017	-0.130308
0.582626	207	3	0.082163	0.000017	-0.130558
0.582626	208	5	0.082163	0.000017	-0.130807
0.582626	209	2	0.082163	0.000017	-0.131055
0.582626	210	5	0.082163	0.000017	-0.131303
0.582626	211	3	0.082163	0.000017	-0.131550
0.582626	212	3	0.082163	0.000016	-0.131796
0.582626	213	0	0.082163	0.000016	-0.132042
0.582626	214	5	0.082163	0.000016	-0.132287
0.582626	215	5	0.082163	0.000016	-0.132531
0.582626	216	4	0.082163	0.000016	-0.132774
0.582626	217	2	0.082163	0.000016	-0.133017
0.582626	218	6	0.082163	0.000015	-0.133259
0.582626	219	3	0.082163	0.000015	-0.133501
0.582626	220	4	0.082163	0.000015	-0.133742
0.582626	221	3	0.082163	0.000015	-0.133982
0.582626	222	5	0.082163	0.000015	-0.134221
0.582626	223	4	0.082163	0.000015	-0.134460
0.582626	224	4	0.082163	0.000015	-0.134698
0.582626	225	1	0.082163	0.000015	-0.134936
0.582626	226	2	0.082163	0.000014	-0.135173
0.582626	227	3	0.082163	0.000014	-0.135409
0.582626	228	8	0.082163	0.000014	-0.135645
0.582626	229	3	0.082163	0.000014	-0.135880
0.582626	230	2	0.082163	0.000014	-0.136114
0.582626	231	0	0.082163	0.000014	-0.136348
0.582626	232	5	0.082163	0.000014	-0.136581
0.582626	233	1	0.082163	0.000014	-0.136814
0.582626	234	3	0.082163	0.000013	-0.137046
0.582626	235	2	0.082163	0.000013	-0.137277
0.582626	236	9	0.082163	0.000013	-0.137508
0.582626	237	4	0.082163	0.000013	-0.137738
0.582626	238	5	0.082163	0.000013	-0.137968
0.582626	239	5	0.082163	0.000013	-0.138197
0.582626	240	4	0.082163	0.000013	-0.138425
0.582626	241	4	0.082163	0.000013	-0.138653
0.582626	242	1	0.082163	0.000012	-0.138881
0.582626	243	5	0.082163	0.000012	-0.139107
0.582626	244	1	0.082163	0.000012	-0.139334
0.582626	245	1	0.082163	0.000012	-0.139559
0.582626	246	3	0.082163	0.000012	-0.139784
0.582626	247	5	0.082163	0.000012	-0.140009
0.582626	248	5	0.082163	0.000012	-0.140233
0.582626	249	4	0.082163	0.000012	-0.140456
0.582626	250	4	0.082163	0.000012	-0.140679
0.582626	251	6	0.082163	0.000012	-0.140901
0.582626	252	3	0.082163	0.000011	-0.141123
0.582626	253	5	0.082163	0.000011	-0.141344
0.582626	254	2	0.082163	0.000011	-0.141565
0.582626	255	2	0.082163	0.000011	-0.141785
0.582626	256	5	0.082163	0.000011	-0.142005
0.582626	257	2	0.082163	0.000011	-0.142224
0.582626	258	0	0.082163	0.000011	-0.142443
0.582626	259	2	0.082163	0.000011	-0.142661
0.582626	260	0	0.082163	0.000011	-0.142879
0.582626	261	2	0.082163	0.000011	-0.143096
0.582626	262	1	0.082163	0.000011	-0.143313
0.582626	263	4	0.082163	0.000011	-0.143529
0.582626	264	2	0.082163	0.000010	-0.143744
0.582626	265	0	0.082163	0.000010	-0.143959
0.582626	266	3	0.082163	0.000010	-0.144174
0.582626	267	1	0.082163	0.000010	-0.144388
0.582626	268	4	0.082163	0.000010	-0.144602
0.582626	269	3	0.082163	0.000010	-0.144815
0.582626	270	3	0.082163	0.000010	-0.145028
0.582626	271	2	0.082163	0.000010	-0.145240
0.582626	272	3	0.082163	0.000010	-0.145452
0.582626	273	4	0.082163	0.000010	-0.145663
0.582626	274	3	0.082163	0.000010	-0.145874
0.582626	275	5	0.082163	0.000010	-0.146085
0.582626	276	1	0.082163	0.000010	-0.146294
0.582626	277	3	0.082163	0.000009	-0.146504
0.582626	278	2	0.082163	0.000009	-0.146713
0.582626	279	1	0.082163	0.000009	-0.146921
0.582626	280	3	0.082163	0.000009	-0.147130
0.582626	281	2	0.082163	0.000009	-0.147337
0.582626	282	3	0.082163	0.000009	-0.147544
0.582626	283	5	0.082163	0.000009	-0.147751
0.582626	284	2	0.082163	0.000009	-0.147958
0.582626	285	1	0.082163	0.000009	-0.148163
0.582626	286	4	0.082163	0.000009	-0.148369
0.582626	287	2	0.082163	0.000009	-0.148574
0.582626	288	3	0.082163	0.000009	-0.148778
0.582626	289	4	0.082163	0.000009	-0.148983
0.582626	290	3	0.082163	0.000009	-0.149186
0.582626	291	4	0.082163	0.000009	-0.149390
0.582626	292	0	0.082163	0.000008	-0.149592
0.582626	293	3	0.082163	0.000008	-0.149795
0.582626	294	3	0.082163	0.000008	-0.149997
0.582626	295	2	0.082163	0.000008	-0.150199
0.582626	296	4	0.082163	0.000008	-0.150400
0.582626	297	3	0.082163	0.000008	-0.150601
0.582626	298	3	0.082163	0.000008	-0.150801
0.582626	299	5	0.082163	0.000008	-0.151001
0.582626	300	5	0.082163	0.000008	-0.151201
0.582626	301	2	0.082163	0.000008	-0.151400
0.582626	302	0	0.082163	0.000008	-0.151599
0.582626	303	0	0.082163	0.000008	-0.151797
0.582626	304	1	0.082163	0.000008	-0.151995
0.582626	305	0	0.082163	0.000008	-0.152193
0.582626	306	3	0.082163	0.000008	-0.152390
0.582626	307	2	0.082163	0.000008	-0.152587
0.582626	308	0	0.082163	0.000008	-0.152783
0.582626	309	6	0.082163	0.000008	-0.152979
0.582626	310	1	0.082163	0.000008	-0.153175
0.582626	311	3	0.082163	0.000007	-0.153370
0.582626	312	3	0.082163	0.000007	-0.153565
0.582626	313	2	0.082163	0.000007	-0.153759
0.582626	314	2	0.082163	0.000007	-0.153954
0.582626	315	4	0.082163	0.000007	-0.154147
0.582626	316	1	0.082163	0.000007	-0.154341
0.582626	317	3	0.082163	0.000007	-0.154534
0.582626	318	1	0.082163	0.000007	-0.154726
0.582626	319	1	0.082163	0.000007	-0.154919
0.582626	320	3	0.082163	0.000007	-0.155111
0.582626	321	2	0.082163	0.000007	-0.155302
0.582626	322	2	0.082163	0.000007	-0.155493
0.582626	323	1	0.082163	0.000007	-0.155684
0.582626	324	3	0.082163	0.000007	-0.155875
0.582626	325	3	0.082163	0.000007	-0.156065
0.582626	326	2	0.082163	0.000007	-0.156255
0.582626	327	1	0.082163	0.000007	-0.156444
0.582626	328	3	0.082163	0.000007	-0.156633
0.582626	329	1	0.082163	0.000007	-0.156822
0.582626	330	2	0.082163	0.000007	-0.157010
0.582626	331	3	0.082163	0.000007	-0.157198
0.582626	332	1	0.082163	0.000007	-0.157386
0.582626	333	2	0.082163	0.000006	-0.157574
0.582626	334	1	0.082163	0.000006	-0.157761
0.582626	335	1	0.082163	0.000006	-0.157947
0.582626	336	3	0.082163	0.000006	-0.158134
0.582626	337	1	0.082163	0.000006	-0.158320
0.582626	338	1	0.082163	0.000006	-0.158505
0.582626	339	0	0.082163	0.000006	-0.158691
0.582626	340	3	0.082163	0.000006	-0.158876
0.582626	341	1	0.082163	0.000006	-0.159060
0.582626	342	0	0.082163	0.000006	-0.159245
0.582626	343	3	0.082163	0.000006	-0.159429
0.582626	344	0	0.082163	0.000006	-0.159612
0.582626	345	3	0.082163	0.000006	-0.159796
0.582626	346	3	0.082163	0.000006	-0.159979
0.582626	347	1	0.082163	0.000006	-0.160162
0.582626	348	1	0.082163	0.000006	-0.160344
0.582626	349	0	0.082163	0.000006	-0.160526
0.582626	350	1	0.082163	0.000006	-0.160708
0.582626	351	2	0.082163	0.000006	-0.160890
0.582626	352	0	0.082163	0.000006	-0.161071
0.582626	353	2	0.082163	0.000006	-0.161252
0.582626	354	2	0.082163	0.000006	-0.161432
0.582626	355	1	0.082163	0.000006	-0.161612
0.582626	356	2	0.082163	0.000006	-0.161792
0.582626	357	1	0.082163	0.000006	-0.161972
0.582626	358	2	0.082163	0.000006	-0.162151
0.582626	359	2	0.082163	0.000006	-0.162330
0.582626	360	2	0.082163	0.000006	-0.162509
0.582626	361	2	0.082163	0.000005	-0.162687
0.582626	362	4	0.082163	0.000005	-0.162866
0.582626	363	1	0.082163	0.000005	-0.163043
0.582626	364	4	0.082163	0.000005	-0.163221
0.582626	365	1	0.082163	0.000005	-0.163398
0.582626	366	3	0.082163	0.000005	-0.163575
0.582626	367	2	0.082163	0.000005	-0.163752
0.582626	368	2	0.082163	0.000005	-0.163928
0.582626	369	3	0.082163	0.000005	-0.164104
0.582626	370	1	0.082163	0.000005	-0.164280
0.582626	371	1	0.082163	0.000005	-0.164456
0.582626	372	3	0.082163	0.000005	-0.164631
0.582626	373	4	0.082163	0.000005	-0.164806
0.582626	374	0	0.082163	0.000005	-0.164980
0.582626	375	4	0.082163	0.000005	-0.165155
0.582626	376	2	0.082163	0.000005	-0.165329
0.582626	377	5	0.082163	0.000005	-0.165503
0.582626	378	3	0.082163	0.000005	-0.165676
0.582626	379	1	0.082163	0.000005	-0.165849
0.582626	380	1	0.082163	0.000005	-0.166022
0.582626	381	3	0.082163	0.000005	-0.166195
0.582626	382	0	0.082163	0.000005	-0.166368
0.582626	383	2	0.082163	0.000005	-0.166540
0.582626	384	1	0.082163	0.000005	-0.166712
0.582626	385	1	0.082163	0.000005	-0.166883
0.582626	386	1	0.082163	0.000005	-0.167055
0.582626	387	2	0.082163	0.000005	-0.167226
0.582626	388	2	0.082163	0.000005	-0.167396
0.582626	389	0	0.082163	0.000005	-0.167567
0.582626	390	0	0.082163	0.000005	-0.167737
0.582626	391	2	0.082163	0.000005	-0.167907
0.582626	392	3	0.082163	0.000005	-0.168077
0.582626	393	1	0.082163	0.000005	-0.168246
0.582626	394	3	0.082163	0.000005	-0.168416
0.582626	395	1	0.082163	0.000005	-0.168585
0.582626	396	1	0.082163	0.000005	-0.168753
0.582626	397	0	0.082163	0.000005	-0.168922
0.582626	398	4	0.082163	0.000004	-0.169090
0.582626	399	0	0.082163	0.000004	-0.169258
0.582626	400	2	0.082163	0.000004	-0.169426
0.582626	401	3	0.082163	0.000004	-0.169593
0.582626	402	0	0.082163	0.000004	-0.169760
0.582626	403	1	0.082163	0.000004	-0.169927
0.582626	404	3	0.082163	0.000004	-0.170094
0.582626	405	0	0.082163	0.000004	-0.170260
0.582626	406	1	0.082163	0.000004	-0.170427
0.582626	407	0	0.082163	0.000004	-0.170592
0.582626	408	0	0.082163	0.000004	-0.170758
0.582626	409	1	0.082163	0.000004	-0.170924
0.582626	410	0	0.082163	0.000004	-0.171089
0.582626	411	1	0.082163	0.000004	-0.171254
0.582626	412	1	0.082163	0.000004	-0.171418
0.582626	413	0	0.082163	0.000004	-0.171583
0.582626	414	0	0.082163	0.000004	-0.171747
0.582626	415	1	0.082163	0.000004	-0.171911
0.582626	416	0	0.082163	0.000004	-0.172075
0.582626	417	1	0.082163	0.000004	-0.172238
0.582626	418	1	0.082163	0.000004	-0.172402
0.582626	419	2	0.082163	0.000004	-0.172565
0.582626	420	4	0.082163	0.000004	-0.172728
0.582626	421	2	0.082163	0.000004	-0.172890
0.582626	422	2	0.082163	0.000004	-0.173052
0.582626	423	1	0.082163	0.000004	-0.173215
0.582626	424	1	0.082163	0.000004	-0.173376
0.582626	425	1	0.082163	0.000004	-0.173538
0.582626	426	3	0.082163	0.000004	-0.173700
0.582626	427	4	0.082163	0.000004	-0.173861
0.582626	428	3	0.082163	0.000004	-0.174022
0.582626	429	1	0.082163	0.000004	-0.174182
0.582626	430	0	0.082163	0.000004	-0.174343
0.582626	431	2	0.082163	0.000004	-0.174503
0.582626	432	1	0.082163	0.000004	-0.174663
0.582626	433	1	0.082163	0.000004	-0.174823
0.582626	434	1	0.082163	0.000004	-0.174983
0.582626	435	1	0.082163	0.000004	-0.175142
0.582626	436	0	0.082163	0.000004	-0.175301
0.582626	437	1	0.082163	0.000004	-0.175460
0.582626	438	0	0.082163	0.000004	-0.175619
0.582626	439	0	0.082163	0.000004	-0.175777
