0.667475	1	18647	0.082163	1.000000	0.127491
0.667475	2	3114	0.082163	0.240315	0.167713
0.667475	3	1792	0.082163	0.104367	0.196893
0.667475	4	1038	0.082163	0.057751	0.220625
0.667475	5	671	0.082163	0.036494	0.240987
0.667475	6	462	0.082163	0.025081	0.259010
0.667475	7	324	0.082163	0.018266	0.275297
0.667475	8	250	0.082163	0.013879	0.290230
0.667475	9	213	0.082163	0.010892	0.304074
0.667475	10	178	0.082163	0.008770	0.317015
0.667475	11	134	0.082163	0.007209	0.329196
0.667475	12	111	0.082163	0.006027	0.340725
0.667475	13	91	0.082163	0.005112	0.351687
0.667475	14	67	0.082163	0.004389	0.362150
0.667475	15	69	0.082163	0.003809	0.372170
0.667475	16	63	0.082163	0.003335	0.381795
0.667475	17	55	0.082163	0.002944	0.391062
0.667475	18	39	0.082163	0.002618	0.400006
0.667475	19	26	0.082163	0.002342	0.408653
0.667475	20	32	0.082163	0.002108	0.417030
0.667475	21	34	0.082163	0.001906	0.425158
0.667475	22	36	0.082163	0.001732	0.433055
0.667475	23	21	0.082163	0.001581	0.440737
0.667475	24	20	0.082163	0.001448	0.448221
0.667475	25	20	0.082163	0.001332	0.455518
0.667475	26	16	0.082163	0.001229	0.462641
0.667475	27	18	0.082163	0.001137	0.469600
0.667475	28	17	0.082163	0.001055	0.476405
0.667475	29	16	0.082163	0.000981	0.483064
0.667475	30	15	0.082163	0.000915	0.489586
0.667475	31	15	0.082163	0.000856	0.495979
0.667475	32	11	0.082163	0.000802	0.502247
0.667475	33	15	0.082163	0.000752	0.508399
0.667475	34	11	0.082163	0.000708	0.514438
0.667475	35	12	0.082163	0.000667	0.520372
0.667475	36	11	0.082163	0.000629	0.526203
0.667475	37	4	0.082163	0.000595	0.531938
0.667475	38	13	0.082163	0.000563	0.537579
0.667475	39	8	0.082163	0.000534	0.543132
0.667475	40	10	0.082163	0.000506	0.548599
0.667475	41	7	0.082163	0.000481	0.553984
0.667475	42	5	0.082163	0.000458	0.559291
0.667475	43	4	0.082163	0.000436	0.564521
0.667475	44	5	0.082163	0.000416	0.569679
0.667475	45	11	0.082163	0.000398	0.574766
0.667475	46	3	0.082163	0.000380	0.579785
0.667475	47	7	0.082163	0.000363	0.584739
0.667475	48	7	0.082163	0.000348	0.589630
0.667475	49	4	0.082163	0.000334	0.594459
0.667475	50	5	0.082163	0.000320	0.599229
0.667475	51	6	0.082163	0.000307	0.603942
0.667475	52	5	0.082163	0.000295	0.608599
0.667475	53	2	0.082163	0.000284	0.613202
0.667475	54	2	0.082163	0.000273	0.617753
0.667475	55	7	0.082163	0.000263	0.622254
0.667475	56	1	0.082163	0.000253	0.626705
0.667475	57	4	0.082163	0.000244	0.631109
0.667475	58	5	0.082163	0.000236	0.635466
0.667475	59	6	0.082163	0.000228	0.639778
0.667475	60	1	0.082163	0.000220	0.644046
0.667475	61	1	0.082163	0.000213	0.648271
0.667475	62	1	0.082163	0.000206	0.652455
0.667475	63	1	0.082163	0.000199	0.656598
0.667475	64	1	0.082163	0.000193	0.660701
0.667475	65	1	0.082163	0.000187	0.664766
0.667475	66	1	0.082163	0.000181	0.668793
0.667475	67	2	0.082163	0.000175	0.672784
0.667475	68	4	0.082163	0.000170	0.676738
0.667475	69	1	0.082163	0.000165	0.680658
0.667475	70	6	0.082163	0.000160	0.684543
0.667475	71	3	0.082163	0.000156	0.688396
0.667475	72	1	0.082163	0.000151	0.692215
0.667475	73	2	0.082163	0.000147	0.696002
0.667475	74	2	0.082163	0.000143	0.699759
0.667475	75	2	0.082163	0.000139	0.703484
0.667475	76	0	0.082163	0.000135	0.707180
0.667475	77	1	0.082163	0.000132	0.710847
0.667475	78	3	0.082163	0.000128	0.714485
0.667475	79	2	0.082163	0.000125	0.718094
0.667475	80	2	0.082163	0.000122	0.721677
0.667475	81	2	0.082163	0.000119	0.725232
0.667475	82	3	0.082163	0.000116	0.728761
0.667475	83	2	0.082163	0.000113	0.732264
0.667475	84	3	0.082163	0.000110	0.735741
0.667475	85	2	0.082163	0.000107	0.739194
0.667475	86	0	0.082163	0.000105	0.742622
0.667475	87	1	0.082163	0.000102	0.746026
0.667475	88	0	0.082163	0.000100	0.749407
0.667475	89	2	0.082163	0.000098	0.752764
0.667475	90	2	0.082163	0.000096	0.756099
0.667475	91	1	0.082163	0.000093	0.759411
0.667475	92	0	0.082163	0.000091	0.762702
0.667475	93	1	0.082163	0.000089	0.765971
0.667475	94	4	0.082163	0.000087	0.769218
0.667475	95	0	0.082163	0.000085	0.772445
0.667475	96	2	0.082163	0.000084	0.775652
0.667475	97	0	0.082163	0.000082	0.778838
0.667475	98	0	0.082163	0.000080	0.782005
0.667475	99	0	0.082163	0.000079	0.785152
0.667475	100	1	0.082163	0.000077	0.788280
0.667475	101	1	0.082163	0.000075	0.791389
0.667475	102	1	0.082163	0.000074	0.794479
0.667475	103	1	0.082163	0.000072	0.797551
0.667475	104	0	0.082163	0.000071	0.800606
0.667475	105	1	0.082163	0.000070	0.803642
0.667475	106	0	0.082163	0.000068	0.806661
0.667475	107	1	0.082163	0.000067	0.809663
0.667475	108	0	0.082163	0.000066	0.812648
0.667475	109	1	0.082163	0.000064	0.815617
0.667475	110	2	0.082163	0.000063	0.818569
0.667475	111	2	0.082163	0.000062	0.821505
0.667475	112	0	0.082163	0.000061	0.824424
0.667475	113	1	0.082163	0.000060	0.827329
0.667475	114	1	0.082163	0.000059	0.830217
0.667475	115	2	0.082163	0.000058	0.833091
0.667475	116	0	0.082163	0.000057	0.835949
0.667475	117	0	0.082163	0.000056	0.838793
0.667475	118	1	0.082163	0.000055	0.841621
0.667475	119	1	0.082163	0.000054	0.844436
0.667475	120	0	0.082163	0.000053	0.847236
0.667475	121	0	0.082163	0.000052	0.850022
0.667475	122	0	0.082163	0.000051	0.852794
0.667475	123	2	0.082163	0.000050	0.855553
0.667475	124	0	0.082163	0.000049	0.858298
0.667475	125	0	0.082163	0.000049	0.861029
0.667475	126	0	0.082163	0.000048	0.863748
0.667475	127	0	0.082163	0.000047	0.866453
0.667475	128	0	0.082163	0.000046	0.869146
0.667475	129	0	0.082163	0.000046	0.871825
0.667475	130	0	0.082163	0.000045	0.874493
0.667475	131	0	0.082163	0.000044	0.877148
0.667475	132	0	0.082163	0.000043	0.879791
0.667475	133	1	0.082163	0.000043	0.882421
0.667475	134	0	0.082163	0.000042	0.885040
0.667475	135	1	0.082163	0.000041	0.887647
0.667475	136	0	0.082163	0.000041	0.890242
0.667475	137	0	0.082163	0.000040	0.892826
0.667475	138	1	0.082163	0.000040	0.895399
0.667475	139	1	0.082163	0.000039	0.897960
0.667475	140	0	0.082163	0.000038	0.900510
0.667475	141	0	0.082163	0.000038	0.903049
0.667475	142	0	0.082163	0.000037	0.905577
0.667475	143	0	0.082163	0.000037	0.908095
0.667475	144	1	0.082163	0.000036	0.910602
0.667475	145	0	0.082163	0.000036	0.913098
0.667475	146	1	0.082163	0.000035	0.915584
0.667475	147	0	0.082163	0.000035	0.918060
0.667475	148	0	0.082163	0.000034	0.920525
0.667475	149	0	0.082163	0.000034	0.922981
0.667475	150	1	0.082163	0.000033	0.925427
0.667475	151	0	0.082163	0.000033	0.927862
0.667475	152	0	0.082163	0.000033	0.930288
0.667475	153	0	0.082163	0.000032	0.932705
0.667475	154	2	0.082163	0.000032	0.935112
0.667475	155	0	0.082163	0.000031	0.937509
0.667475	156	0	0.082163	0.000031	0.939897
0.667475	157	0	0.082163	0.000030	0.942276
0.667475	158	0	0.082163	0.000030	0.944646
0.667475	159	1	0.082163	0.000030	0.947006
0.667475	160	0	0.082163	0.000029	0.949358
0.667475	161	0	0.082163	0.000029	0.951701
0.667475	162	0	0.082163	0.000029	0.954035
0.667475	163	0	0.082163	0.000028	0.956361
0.667475	164	0	0.082163	0.000028	0.958677
0.667475	165	0	0.082163	0.000027	0.960986
0.667475	166	0	0.082163	0.000027	0.963285
0.667475	167	0	0.082163	0.000027	0.965577
0.667475	168	0	0.082163	0.000026	0.967860
0.667475	169	0	0.082163	0.000026	0.970135
0.667475	170	0	0.082163	0.000026	0.972402
0.667475	171	0	0.082163	0.000026	0.974661
0.667475	172	0	0.082163	0.000025	0.976912
0.667475	173	0	0.082163	0.000025	0.979155
0.667475	174	1	0.082163	0.000025	0.981390
0.667475	175	0	0.082163	0.000024	0.983617
0.667475	176	0	0.082163	0.000024	0.985837
0.667475	177	1	0.082163	0.000024	0.988049
0.667475	178	0	0.082163	0.000023	0.990253
0.667475	179	0	0.082163	0.000023	0.992451
0.667475	180	0	0.082163	0.000023	0.994640
0.667475	181	0	0.082163	0.000023	0.996823
0.667475	182	0	0.082163	0.000022	0.998998
0.667475	183	0	0.082163	0.000022	1.001166
0.667475	184	0	0.082163	0.000022	1.003326
0.667475	185	0	0.082163	0.000022	1.005480
0.667475	186	0	0.082163	0.000021	1.007626
0.667475	187	0	0.082163	0.000021	1.009766
0.667475	188	0	0.082163	0.000021	1.011899
0.667475	189	0	0.082163	0.000021	1.014025
0.667475	190	0	0.082163	0.000021	1.016144
0.667475	191	0	0.082163	0.000020	1.018256
0.667475	192	0	0.082163	0.000020	1.020362
0.667475	193	1	0.082163	0.000020	1.022461
0.667475	194	1	0.082163	0.000020	1.024553
0.667475	195	0	0.082163	0.000019	1.026639
0.667475	196	0	0.082163	0.000019	1.028719
0.667475	197	1	0.082163	0.000019	1.030792
0.667475	198	0	0.082163	0.000019	1.032859
0.667475	199	0	0.082163	0.000019	1.034919
0.667475	200	0	0.082163	0.000018	1.036974
0.667475	201	0	0.082163	0.000018	1.039022
0.667475	202	0	0.082163	0.000018	1.041064
0.667475	203	0	0.082163	0.000018	1.043099
0.667475	204	0	0.082163	0.000018	1.045129
0.667475	205	0	0.082163	0.000018	1.047153
0.667475	206	0	0.082163	0.000017	1.049171
0.667475	207	0	0.082163	0.000017	1.051182
0.667475	208	0	0.082163	0.000017	1.053188
0.667475	209	0	0.082163	0.000017	1.055189
0.667475	210	0	0.082163	0.000017	1.057183
0.667475	211	0	0.082163	0.000017	1.059172
0.667475	212	1	0.082163	0.000016	1.061155
0.667475	213	0	0.082163	0.000016	1.063132
0.667475	214	0	0.082163	0.000016	1.065104
0.667475	215	1	0.082163	0.000016	1.067070
0.667475	216	0	0.082163	0.000016	1.069031
0.667475	217	0	0.082163	0.000016	1.070986
0.667475	218	0	0.082163	0.000015	1.072936
0.667475	219	0	0.082163	0.000015	1.074880
0.667475	220	0	0.082163	0.000015	1.076819
0.667475	221	0	0.082163	0.000015	1.078752
0.667475	222	0	0.082163	0.000015	1.080681
0.667475	223	0	0.082163	0.000015	1.082604
0.667475	224	0	0.082163	0.000015	1.084522
0.667475	225	0	0.082163	0.000015	1.086435
0.667475	226	0	0.082163	0.000014	1.088342
0.667475	227	0	0.082163	0.000014	1.090245
0.667475	228	0	0.082163	0.000014	1.092142
0.667475	229	1	0.082163	0.000014	1.094035
0.667475	230	0	0.082163	0.000014	1.095922
0.667475	231	0	0.082163	0.000014	1.097805
0.667475	232	0	0.082163	0.000014	1.099682
0.667475	233	0	0.082163	0.000014	1.101555
0.667475	234	0	0.082163	0.000013	1.103423
0.667475	235	0	0.082163	0.000013	1.105286
0.667475	236	0	0.082163	0.000013	1.107144
0.667475	237	0	0.082163	0.000013	1.108998
0.667475	238	0	0.082163	0.000013	1.110847
0.667475	239	0	0.082163	0.000013	1.112691
0.667475	240	1	0.082163	0.000013	1.114530
0.667475	241	0	0.082163	0.000013	1.116365
0.667475	242	0	0.082163	0.000012	1.118195
0.667475	243	0	0.082163	0.000012	1.120021
0.667475	244	0	0.082163	0.000012	1.121842
0.667475	245	0	0.082163	0.000012	1.123658
0.667475	246	0	0.082163	0.000012	1.125471
0.667475	247	0	0.082163	0.000012	1.127278
0.667475	248	0	0.082163	0.000012	1.129082
0.667475	249	0	0.082163	0.000012	1.130880
0.667475	250	0	0.082163	0.000012	1.132675
0.667475	251	0	0.082163	0.000012	1.134465
0.667475	252	0	0.082163	0.000011	1.136251
0.667475	253	0	0.082163	0.000011	1.138033
0.667475	254	0	0.082163	0.000011	1.139810
0.667475	255	0	0.082163	0.000011	1.141583
0.667475	256	0	0.082163	0.000011	1.143352
0.667475	257	0	0.082163	0.000011	1.145117
0.667475	258	0	0.082163	0.000011	1.146877
0.667475	259	0	0.082163	0.000011	1.148634
0.667475	260	0	0.082163	0.000011	1.150386
0.667475	261	0	0.082163	0.000011	1.152135
0.667475	262	0	0.082163	0.000011	1.153879
0.667475	263	0	0.082163	0.000011	1.155619
0.667475	264	0	0.082163	0.000010	1.157355
0.667475	265	0	0.082163	0.000010	1.159088
0.667475	266	1	0.082163	0.000010	1.160816
0.667475	267	1	0.082163	0.000010	1.162540
0.667475	268	0	0.082163	0.000010	1.164261
0.667475	269	0	0.082163	0.000010	1.165978
0.667475	270	0	0.082163	0.000010	1.167690
0.667475	271	0	0.082163	0.000010	1.169399
0.667475	272	0	0.082163	0.000010	1.171105
0.667475	273	0	0.082163	0.000010	1.172806
0.667475	274	0	0.082163	0.000010	1.174504
0.667475	275	0	0.082163	0.000010	1.176197
0.667475	276	0	0.082163	0.000010	1.177888
0.667475	277	0	0.082163	0.000009	1.179574
0.667475	278	0	0.082163	0.000009	1.181257
0.667475	279	0	0.082163	0.000009	1.182936
0.667475	280	0	0.082163	0.000009	1.184612
0.667475	281	0	0.082163	0.000009	1.186283
0.667475	282	0	0.082163	0.000009	1.187952
0.667475	283	0	0.082163	0.000009	1.189616
0.667475	284	0	0.082163	0.000009	1.191278
0.667475	285	0	0.082163	0.000009	1.192935
0.667475	286	0	0.082163	0.000009	1.194589
0.667475	287	0	0.082163	0.000009	1.196240
0.667475	288	0	0.082163	0.000009	1.197887
0.667475	289	0	0.082163	0.000009	1.199531
0.667475	290	1	0.082163	0.000009	1.201171
0.667475	291	0	0.082163	0.000009	1.202808
0.667475	292	0	0.082163	0.000008	1.204441
0.667475	293	0	0.082163	0.000008	1.206072
0.667475	294	0	0.082163	0.000008	1.207698
0.667475	295	0	0.082163	0.000008	1.209322
0.667475	296	0	0.082163	0.000008	1.210942
0.667475	297	0	0.082163	0.000008	1.212558
0.667475	298	0	0.082163	0.000008	1.214172
0.667475	299	0	0.082163	0.000008	1.215782
0.667475	300	0	0.082163	0.000008	1.217389
0.667475	301	0	0.082163	0.000008	1.218993
0.667475	302	0	0.082163	0.000008	1.220593
0.667475	303	0	0.082163	0.000008	1.222191
0.667475	304	1	0.082163	0.000008	1.223785
0.667475	305	0	0.082163	0.000008	1.225376
0.667475	306	0	0.082163	0.000008	1.226963
0.667475	307	0	0.082163	0.000008	1.228548
0.667475	308	0	0.082163	0.000008	1.230130
0.667475	309	0	0.082163	0.000008	1.231708
0.667475	310	0	0.082163	0.000008	1.233283
0.667475	311	0	0.082163	0.000007	1.234856
0.667475	312	0	0.082163	0.000007	1.236425
0.667475	313	0	0.082163	0.000007	1.237991
0.667475	314	0	0.082163	0.000007	1.239554
0.667475	315	0	0.082163	0.000007	1.241115
0.667475	316	0	0.082163	0.000007	1.242672
0.667475	317	0	0.082163	0.000007	1.244226
0.667475	318	0	0.082163	0.000007	1.245777
0.667475	319	0	0.082163	0.000007	1.247326
0.667475	320	0	0.082163	0.000007	1.248871
0.667475	321	0	0.082163	0.000007	1.250413
0.667475	322	0	0.082163	0.000007	1.251953
0.667475	323	0	0.082163	0.000007	1.253490
0.667475	324	0	0.082163	0.000007	1.255023
0.667475	325	0	0.082163	0.000007	1.256554
0.667475	326	0	0.082163	0.000007	1.258082
0.667475	327	0	0.082163	0.000007	1.259608
0.667475	328	0	0.082163	0.000007	1.261130
0.667475	329	0	0.082163	0.000007	1.262650
0.667475	330	0	0.082163	0.000007	1.264167
0.667475	331	0	0.082163	0.000007	1.265681
0.667475	332	0	0.082163	0.000007	1.267192
0.667475	333	0	0.082163	0.000006	1.268701
0.667475	334	0	0.082163	0.000006	1.270206
0.667475	335	0	0.082163	0.000006	1.271710
0.667475	336	0	0.082163	0.000006	1.273210
0.667475	337	0	0.082163	0.000006	1.274708
0.667475	338	0	0.082163	0.000006	1.276203
0.667475	339	0	0.082163	0.000006	1.277695
0.667475	340	0	0.082163	0.000006	1.279185
0.667475	341	0	0.082163	0.000006	1.280672
0.667475	342	0	0.082163	0.000006	1.282156
0.667475	343	0	0.082163	0.000006	1.283638
0.667475	344	0	0.082163	0.000006	1.285117
0.667475	345	0	0.082163	0.000006	1.286594
0.667475	346	0	0.082163	0.000006	1.288068
0.667475	347	0	0.082163	0.000006	1.289539
0.667475	348	0	0.082163	0.000006	1.291008
0.667475	349	0	0.082163	0.000006	1.292474
0.667475	350	0	0.082163	0.000006	1.293938
0.667475	351	0	0.082163	0.000006	1.295399
0.667475	352	0	0.082163	0.000006	1.296858
0.667475	353	0	0.082163	0.000006	1.298314
0.667475	354	0	0.082163	0.000006	1.299768
0.667475	355	0	0.082163	0.000006	1.301220
0.667475	356	0	0.082163	0.000006	1.302668
0.667475	357	0	0.082163	0.000006	1.304115
0.667475	358	0	0.082163	0.000006	1.305559
0.667475	359	0	0.082163	0.000006	1.307000
0.667475	360	0	0.082163	0.000006	1.308439
0.667475	361	0	0.082163	0.000005	1.309876
0.667475	362	0	0.082163	0.000005	1.311310
0.667475	363	0	0.082163	0.000005	1.312742
0.667475	364	0	0.082163	0.000005	1.314171
0.667475	365	0	0.082163	0.000005	1.315598
0.667475	366	0	0.082163	0.000005	1.317023
0.667475	367	0	0.082163	0.000005	1.318445
0.667475	368	0	0.082163	0.000005	1.319865
0.667475	369	0	0.082163	0.000005	1.321283
0.667475	370	0	0.082163	0.000005	1.322698
0.667475	371	0	0.082163	0.000005	1.324111
0.667475	372	0	0.082163	0.000005	1.325522
0.667475	373	0	0.082163	0.000005	1.326931
0.667475	374	0	0.082163	0.000005	1.328337
0.667475	375	0	0.082163	0.000005	1.329741
0.667475	376	0	0.082163	0.000005	1.331142
0.667475	377	0	0.082163	0.000005	1.332542
0.667475	378	0	0.082163	0.000005	1.333939
0.667475	379	0	0.082163	0.000005	1.335334
0.667475	380	0	0.082163	0.000005	1.336727
0.667475	381	0	0.082163	0.000005	1.338117
0.667475	382	0	0.082163	0.000005	1.339505
0.667475	383	0	0.082163	0.000005	1.340892
0.667475	384	0	0.082163	0.000005	1.342275
0.667475	385	0	0.082163	0.000005	1.343657
0.667475	386	0	0.082163	0.000005	1.345037
0.667475	387	0	0.082163	0.000005	1.346414
0.667475	388	0	0.082163	0.000005	1.347789
0.667475	389	0	0.082163	0.000005	1.349163
0.667475	390	0	0.082163	0.000005	1.350534
0.667475	391	0	0.082163	0.000005	1.351902
0.667475	392	0	0.082163	0.000005	1.353269
0.667475	393	0	0.082163	0.000005	1.354634
0.667475	394	0	0.082163	0.000005	1.355996
0.667475	395	0	0.082163	0.000005	1.357357
0.667475	396	0	0.082163	0.000005	1.358715
0.667475	397	0	0.082163	0.000005	1.360072
0.667475	398	0	0.082163	0.000004	1.361426
0.667475	399	0	0.082163	0.000004	1.362778
0.667475	400	0	0.082163	0.000004	1.364128
0.667475	401	0	0.082163	0.000004	1.365476
0.667475	402	0	0.082163	0.000004	1.366822
0.667475	403	0	0.082163	0.000004	1.368166
0.667475	404	0	0.082163	0.000004	1.369508
0.667475	405	0	0.082163	0.000004	1.370848
0.667475	406	0	0.082163	0.000004	1.372186
0.667475	407	0	0.082163	0.000004	1.373522
0.667475	408	0	0.082163	0.000004	1.374857
0.667475	409	0	0.082163	0.000004	1.376189
0.667475	410	0	0.082163	0.000004	1.377519
0.667475	411	0	0.082163	0.000004	1.378847
0.667475	412	0	0.082163	0.000004	1.380173
0.667475	413	0	0.082163	0.000004	1.381497
0.667475	414	0	0.082163	0.000004	1.382820
0.667475	415	0	0.082163	0.000004	1.384140
0.667475	416	0	0.082163	0.000004	1.385459
0.667475	417	0	0.082163	0.000004	1.386775
0.667475	418	0	0.082163	0.000004	1.388090
0.667475	419	0	0.082163	0.000004	1.389403
0.667475	420	0	0.082163	0.000004	1.390713
0.667475	421	0	0.082163	0.000004	1.392022
0.667475	422	1	0.082163	0.000004	1.393330
0.667475	423	0	0.082163	0.000004	1.394635
0.667475	424	0	0.082163	0.000004	1.395938
0.667475	425	0	0.082163	0.000004	1.397240
0.667475	426	0	0.082163	0.000004	1.398539
0.667475	427	0	0.082163	0.000004	1.399837
0.667475	428	0	0.082163	0.000004	1.401133
0.667475	429	0	0.082163	0.000004	1.402427
0.667475	430	0	0.082163	0.000004	1.403720
0.667475	431	0	0.082163	0.000004	1.405010
0.667475	432	0	0.082163	0.000004	1.406299
0.667475	433	0	0.082163	0.000004	1.407586
0.667475	434	0	0.082163	0.000004	1.408871
0.667475	435	0	0.082163	0.000004	1.410154
0.667475	436	0	0.082163	0.000004	1.411436
0.667475	437	0	0.082163	0.000004	1.412715
0.667475	438	0	0.082163	0.000004	1.413993
0.667475	439	0	0.082163	0.000004	1.415270
