0.627071	1	27790	0.082163	1.000000	0.059241
0.627071	2	5451	0.082163	0.240315	0.077931
0.627071	3	3205	0.082163	0.104367	0.091489
0.627071	4	1987	0.082163	0.057751	0.102517
0.627071	5	1305	0.082163	0.036494	0.111978
0.627071	6	956	0.082163	0.025081	0.120353
0.627071	7	749	0.082163	0.018266	0.127921
0.627071	8	563	0.082163	0.013879	0.134860
0.627071	9	485	0.082163	0.010892	0.141293
0.627071	10	388	0.082163	0.008770	0.147306
0.627071	11	334	0.082163	0.007209	0.152967
0.627071	12	258	0.082163	0.006027	0.158324
0.627071	13	234	0.082163	0.005112	0.163417
0.627071	14	182	0.082163	0.004389	0.168279
0.627071	15	178	0.082163	0.003809	0.172935
0.627071	16	149	0.082163	0.003335	0.177407
0.627071	17	153	0.082163	0.002944	0.181713
0.627071	18	131	0.082163	0.002618	0.185869
0.627071	19	112	0.082163	0.002342	0.189887
0.627071	20	101	0.082163	0.002108	0.193780
0.627071	21	84	0.082163	0.001906	0.197557
0.627071	22	91	0.082163	0.001732	0.201226
0.627071	23	73	0.082163	0.001581	0.204796
0.627071	24	65	0.082163	0.001448	0.208273
0.627071	25	63	0.082163	0.001332	0.211664
0.627071	26	58	0.082163	0.001229	0.214973
0.627071	27	53	0.082163	0.001137	0.218207
0.627071	28	67	0.082163	0.001055	0.221369
0.627071	29	48	0.082163	0.000981	0.224464
0.627071	30	48	0.082163	0.000915	0.227494
0.627071	31	44	0.082163	0.000856	0.230465
0.627071	32	43	0.082163	0.000802	0.233377
0.627071	33	31	0.082163	0.000752	0.236236
0.627071	34	34	0.082163	0.000708	0.239042
0.627071	35	31	0.082163	0.000667	0.241799
0.627071	36	33	0.082163	0.000629	0.244509
0.627071	37	15	0.082163	0.000595	0.247174
0.627071	38	34	0.082163	0.000563	0.249795
0.627071	39	39	0.082163	0.000534	0.252375
0.627071	40	25	0.082163	0.000506	0.254916
0.627071	41	26	0.082163	0.000481	0.257418
0.627071	42	22	0.082163	0.000458	0.259884
0.627071	43	22	0.082163	0.000436	0.262314
0.627071	44	18	0.082163	0.000416	0.264711
0.627071	45	18	0.082163	0.000398	0.267074
0.627071	46	25	0.082163	0.000380	0.269407
0.627071	47	18	0.082163	0.000363	0.271709
0.627071	48	19	0.082163	0.000348	0.273981
0.627071	49	17	0.082163	0.000334	0.276225
0.627071	50	13	0.082163	0.000320	0.278442
0.627071	51	20	0.082163	0.000307	0.280631
0.627071	52	11	0.082163	0.000295	0.282795
0.627071	53	15	0.082163	0.000284	0.284934
0.627071	54	16	0.082163	0.000273	0.287049
0.627071	55	14	0.082163	0.000263	0.289140
0.627071	56	15	0.082163	0.000253	0.291209
0.627071	57	12	0.082163	0.000244	0.293255
0.627071	58	14	0.082163	0.000236	0.295280
0.627071	59	9	0.082163	0.000228	0.297283
0.627071	60	7	0.082163	0.000220	0.299266
0.627071	61	15	0.082163	0.000213	0.301230
0.627071	62	16	0.082163	0.000206	0.303174
0.627071	63	12	0.082163	0.000199	0.305099
0.627071	64	9	0.082163	0.000193	0.307006
0.627071	65	11	0.082163	0.000187	0.308894
0.627071	66	8	0.082163	0.000181	0.310766
0.627071	67	9	0.082163	0.000175	0.312620
0.627071	68	7	0.082163	0.000170	0.314458
0.627071	69	7	0.082163	0.000165	0.316279
0.627071	70	15	0.082163	0.000160	0.318084
0.627071	71	8	0.082163	0.000156	0.319874
0.627071	72	8	0.082163	0.000151	0.321649
0.627071	73	7	0.082163	0.000147	0.323409
0.627071	74	13	0.082163	0.000143	0.325154
0.627071	75	4	0.082163	0.000139	0.326886
0.627071	76	7	0.082163	0.000135	0.328603
0.627071	77	6	0.082163	0.000132	0.330307
0.627071	78	7	0.082163	0.000128	0.331997
0.627071	79	5	0.082163	0.000125	0.333674
0.627071	80	5	0.082163	0.000122	0.335339
0.627071	81	6	0.082163	0.000119	0.336991
0.627071	82	4	0.082163	0.000116	0.338631
0.627071	83	9	0.082163	0.000113	0.340258
0.627071	84	5	0.082163	0.000110	0.341874
0.627071	85	10	0.082163	0.000107	0.343479
0.627071	86	5	0.082163	0.000105	0.345071
0.627071	87	6	0.082163	0.000102	0.346653
0.627071	88	5	0.082163	0.000100	0.348224
0.627071	89	6	0.082163	0.000098	0.349784
0.627071	90	9	0.082163	0.000096	0.351334
0.627071	91	5	0.082163	0.000093	0.352873
0.627071	92	4	0.082163	0.000091	0.354402
0.627071	93	4	0.082163	0.000089	0.355921
0.627071	94	5	0.082163	0.000087	0.357430
0.627071	95	4	0.082163	0.000085	0.358929
0.627071	96	3	0.082163	0.000084	0.360419
0.627071	97	5	0.082163	0.000082	0.361900
0.627071	98	7	0.082163	0.000080	0.363371
0.627071	99	4	0.082163	0.000079	0.364834
0.627071	100	5	0.082163	0.000077	0.366287
0.627071	101	4	0.082163	0.000075	0.367732
0.627071	102	3	0.082163	0.000074	0.369168
0.627071	103	6	0.082163	0.000072	0.370595
0.627071	104	5	0.082163	0.000071	0.372014
0.627071	105	4	0.082163	0.000070	0.373425
0.627071	106	7	0.082163	0.000068	0.374828
0.627071	107	4	0.082163	0.000067	0.376223
0.627071	108	6	0.082163	0.000066	0.377610
0.627071	109	4	0.082163	0.000064	0.378990
0.627071	110	4	0.082163	0.000063	0.380361
0.627071	111	6	0.082163	0.000062	0.381726
0.627071	112	2	0.082163	0.000061	0.383082
0.627071	113	3	0.082163	0.000060	0.384432
0.627071	114	4	0.082163	0.000059	0.385774
0.627071	115	3	0.082163	0.000058	0.387109
0.627071	116	3	0.082163	0.000057	0.388437
0.627071	117	1	0.082163	0.000056	0.389759
0.627071	118	4	0.082163	0.000055	0.391073
0.627071	119	4	0.082163	0.000054	0.392381
0.627071	120	1	0.082163	0.000053	0.393682
0.627071	121	5	0.082163	0.000052	0.394977
0.627071	122	2	0.082163	0.000051	0.396265
0.627071	123	5	0.082163	0.000050	0.397546
0.627071	124	2	0.082163	0.000049	0.398822
0.627071	125	5	0.082163	0.000049	0.400091
0.627071	126	1	0.082163	0.000048	0.401354
0.627071	127	4	0.082163	0.000047	0.402612
0.627071	128	8	0.082163	0.000046	0.403863
0.627071	129	2	0.082163	0.000046	0.405108
0.627071	130	3	0.082163	0.000045	0.406347
0.627071	131	3	0.082163	0.000044	0.407581
0.627071	132	3	0.082163	0.000043	0.408809
0.627071	133	4	0.082163	0.000043	0.410031
0.627071	134	1	0.082163	0.000042	0.411248
0.627071	135	2	0.082163	0.000041	0.412460
0.627071	136	3	0.082163	0.000041	0.413666
0.627071	137	3	0.082163	0.000040	0.414866
0.627071	138	3	0.082163	0.000040	0.416062
0.627071	139	4	0.082163	0.000039	0.417252
0.627071	140	1	0.082163	0.000038	0.418437
0.627071	141	0	0.082163	0.000038	0.419616
0.627071	142	3	0.082163	0.000037	0.420791
0.627071	143	2	0.082163	0.000037	0.421961
0.627071	144	1	0.082163	0.000036	0.423126
0.627071	145	2	0.082163	0.000036	0.424286
0.627071	146	4	0.082163	0.000035	0.425441
0.627071	147	5	0.082163	0.000035	0.426591
0.627071	148	1	0.082163	0.000034	0.427737
0.627071	149	5	0.082163	0.000034	0.428878
0.627071	150	1	0.082163	0.000033	0.430015
0.627071	151	1	0.082163	0.000033	0.431146
0.627071	152	2	0.082163	0.000033	0.432274
0.627071	153	3	0.082163	0.000032	0.433396
0.627071	154	0	0.082163	0.000032	0.434515
0.627071	155	6	0.082163	0.000031	0.435629
0.627071	156	4	0.082163	0.000031	0.436739
0.627071	157	0	0.082163	0.000030	0.437844
0.627071	158	1	0.082163	0.000030	0.438945
0.627071	159	0	0.082163	0.000030	0.440042
0.627071	160	2	0.082163	0.000029	0.441135
0.627071	161	0	0.082163	0.000029	0.442223
0.627071	162	0	0.082163	0.000029	0.443308
0.627071	163	0	0.082163	0.000028	0.444389
0.627071	164	1	0.082163	0.000028	0.445465
0.627071	165	2	0.082163	0.000027	0.446538
0.627071	166	2	0.082163	0.000027	0.447606
0.627071	167	0	0.082163	0.000027	0.448671
0.627071	168	0	0.082163	0.000026	0.449732
0.627071	169	0	0.082163	0.000026	0.450789
0.627071	170	2	0.082163	0.000026	0.451842
0.627071	171	1	0.082163	0.000026	0.452892
0.627071	172	0	0.082163	0.000025	0.453938
0.627071	173	2	0.082163	0.000025	0.454980
0.627071	174	0	0.082163	0.000025	0.456019
0.627071	175	0	0.082163	0.000024	0.457054
0.627071	176	2	0.082163	0.000024	0.458085
0.627071	177	3	0.082163	0.000024	0.459113
0.627071	178	4	0.082163	0.000023	0.460137
0.627071	179	6	0.082163	0.000023	0.461158
0.627071	180	1	0.082163	0.000023	0.462176
0.627071	181	1	0.082163	0.000023	0.463190
0.627071	182	3	0.082163	0.000022	0.464201
0.627071	183	2	0.082163	0.000022	0.465208
0.627071	184	0	0.082163	0.000022	0.466212
0.627071	185	0	0.082163	0.000022	0.467213
0.627071	186	1	0.082163	0.000021	0.468210
0.627071	187	3	0.082163	0.000021	0.469204
0.627071	188	0	0.082163	0.000021	0.470195
0.627071	189	2	0.082163	0.000021	0.471183
0.627071	190	0	0.082163	0.000021	0.472168
0.627071	191	3	0.082163	0.000020	0.473149
0.627071	192	1	0.082163	0.000020	0.474128
0.627071	193	1	0.082163	0.000020	0.475103
0.627071	194	0	0.082163	0.000020	0.476075
0.627071	195	0	0.082163	0.000019	0.477045
0.627071	196	1	0.082163	0.000019	0.478011
0.627071	197	2	0.082163	0.000019	0.478974
0.627071	198	0	0.082163	0.000019	0.479935
0.627071	199	0	0.082163	0.000019	0.480892
0.627071	200	1	0.082163	0.000018	0.481847
0.627071	201	2	0.082163	0.000018	0.482798
0.627071	202	1	0.082163	0.000018	0.483747
0.627071	203	1	0.082163	0.000018	0.484693
0.627071	204	0	0.082163	0.000018	0.485636
0.627071	205	0	0.082163	0.000018	0.486577
0.627071	206	0	0.082163	0.000017	0.487514
0.627071	207	1	0.082163	0.000017	0.488449
0.627071	208	0	0.082163	0.000017	0.489381
0.627071	209	1	0.082163	0.000017	0.490311
0.627071	210	0	0.082163	0.000017	0.491237
0.627071	211	1	0.082163	0.000017	0.492161
0.627071	212	1	0.082163	0.000016	0.493083
0.627071	213	1	0.082163	0.000016	0.494002
0.627071	214	2	0.082163	0.000016	0.494918
0.627071	215	3	0.082163	0.000016	0.495831
0.627071	216	0	0.082163	0.000016	0.496743
0.627071	217	0	0.082163	0.000016	0.497651
0.627071	218	1	0.082163	0.000015	0.498557
0.627071	219	1	0.082163	0.000015	0.499460
0.627071	220	1	0.082163	0.000015	0.500361
0.627071	221	1	0.082163	0.000015	0.501260
0.627071	222	2	0.082163	0.000015	0.502156
0.627071	223	0	0.082163	0.000015	0.503050
0.627071	224	1	0.082163	0.000015	0.503941
0.627071	225	0	0.082163	0.000015	0.504830
0.627071	226	1	0.082163	0.000014	0.505716
0.627071	227	0	0.082163	0.000014	0.506600
0.627071	228	2	0.082163	0.000014	0.507482
0.627071	229	1	0.082163	0.000014	0.508361
0.627071	230	1	0.082163	0.000014	0.509238
0.627071	231	0	0.082163	0.000014	0.510113
0.627071	232	1	0.082163	0.000014	0.510985
0.627071	233	0	0.082163	0.000014	0.511856
0.627071	234	2	0.082163	0.000013	0.512724
0.627071	235	2	0.082163	0.000013	0.513589
0.627071	236	1	0.082163	0.000013	0.514453
0.627071	237	1	0.082163	0.000013	0.515314
0.627071	238	0	0.082163	0.000013	0.516173
0.627071	239	1	0.082163	0.000013	0.517030
0.627071	240	0	0.082163	0.000013	0.517885
0.627071	241	1	0.082163	0.000013	0.518737
0.627071	242	0	0.082163	0.000012	0.519588
0.627071	243	0	0.082163	0.000012	0.520436
0.627071	244	0	0.082163	0.000012	0.521282
0.627071	245	0	0.082163	0.000012	0.522126
0.627071	246	1	0.082163	0.000012	0.522968
0.627071	247	2	0.082163	0.000012	0.523808
0.627071	248	0	0.082163	0.000012	0.524646
0.627071	249	0	0.082163	0.000012	0.525482
0.627071	250	0	0.082163	0.000012	0.526316
0.627071	251	1	0.082163	0.000012	0.527148
0.627071	252	0	0.082163	0.000011	0.527978
0.627071	253	0	0.082163	0.000011	0.528805
0.627071	254	3	0.082163	0.000011	0.529631
0.627071	255	0	0.082163	0.000011	0.530455
0.627071	256	0	0.082163	0.000011	0.531277
0.627071	257	2	0.082163	0.000011	0.532097
0.627071	258	5	0.082163	0.000011	0.532915
0.627071	259	1	0.082163	0.000011	0.533731
0.627071	260	0	0.082163	0.000011	0.534546
0.627071	261	0	0.082163	0.000011	0.535358
0.627071	262	1	0.082163	0.000011	0.536169
0.627071	263	0	0.082163	0.000011	0.536977
0.627071	264	0	0.082163	0.000010	0.537784
0.627071	265	0	0.082163	0.000010	0.538589
0.627071	266	1	0.082163	0.000010	0.539392
0.627071	267	0	0.082163	0.000010	0.540193
0.627071	268	0	0.082163	0.000010	0.540993
0.627071	269	1	0.082163	0.000010	0.541791
0.627071	270	1	0.082163	0.000010	0.542586
0.627071	271	0	0.082163	0.000010	0.543381
0.627071	272	0	0.082163	0.000010	0.544173
0.627071	273	2	0.082163	0.000010	0.544963
0.627071	274	0	0.082163	0.000010	0.545752
0.627071	275	2	0.082163	0.000010	0.546539
0.627071	276	3	0.082163	0.000010	0.547325
0.627071	277	0	0.082163	0.000009	0.548108
0.627071	278	0	0.082163	0.000009	0.548890
0.627071	279	0	0.082163	0.000009	0.549671
0.627071	280	0	0.082163	0.000009	0.550449
0.627071	281	2	0.082163	0.000009	0.551226
0.627071	282	0	0.082163	0.000009	0.552001
0.627071	283	0	0.082163	0.000009	0.552775
0.627071	284	0	0.082163	0.000009	0.553547
0.627071	285	1	0.082163	0.000009	0.554317
0.627071	286	0	0.082163	0.000009	0.555085
0.627071	287	0	0.082163	0.000009	0.555852
0.627071	288	1	0.082163	0.000009	0.556618
0.627071	289	1	0.082163	0.000009	0.557382
0.627071	290	1	0.082163	0.000009	0.558144
0.627071	291	0	0.082163	0.000009	0.558904
0.627071	292	1	0.082163	0.000008	0.559663
0.627071	293	1	0.082163	0.000008	0.560421
0.627071	294	1	0.082163	0.000008	0.561177
0.627071	295	1	0.082163	0.000008	0.561931
0.627071	296	1	0.082163	0.000008	0.562684
0.627071	297	0	0.082163	0.000008	0.563435
0.627071	298	0	0.082163	0.000008	0.564185
0.627071	299	1	0.082163	0.000008	0.564933
0.627071	300	0	0.082163	0.000008	0.565680
0.627071	301	0	0.082163	0.000008	0.566425
0.627071	302	0	0.082163	0.000008	0.567169
0.627071	303	0	0.082163	0.000008	0.567911
0.627071	304	0	0.082163	0.000008	0.568652
0.627071	305	1	0.082163	0.000008	0.569391
0.627071	306	0	0.082163	0.000008	0.570129
0.627071	307	3	0.082163	0.000008	0.570865
0.627071	308	0	0.082163	0.000008	0.571600
0.627071	309	0	0.082163	0.000008	0.572333
0.627071	310	1	0.082163	0.000008	0.573065
0.627071	311	1	0.082163	0.000007	0.573796
0.627071	312	0	0.082163	0.000007	0.574525
0.627071	313	0	0.082163	0.000007	0.575253
0.627071	314	0	0.082163	0.000007	0.575979
0.627071	315	0	0.082163	0.000007	0.576704
0.627071	316	0	0.082163	0.000007	0.577428
0.627071	317	1	0.082163	0.000007	0.578150
0.627071	318	0	0.082163	0.000007	0.578871
0.627071	319	1	0.082163	0.000007	0.579590
0.627071	320	0	0.082163	0.000007	0.580308
0.627071	321	0	0.082163	0.000007	0.581025
0.627071	322	0	0.082163	0.000007	0.581740
0.627071	323	0	0.082163	0.000007	0.582454
0.627071	324	0	0.082163	0.000007	0.583167
0.627071	325	1	0.082163	0.000007	0.583879
0.627071	326	0	0.082163	0.000007	0.584589
0.627071	327	1	0.082163	0.000007	0.585297
0.627071	328	0	0.082163	0.000007	0.586005
0.627071	329	4	0.082163	0.000007	0.586711
0.627071	330	1	0.082163	0.000007	0.587416
0.627071	331	0	0.082163	0.000007	0.588119
0.627071	332	0	0.082163	0.000007	0.588822
0.627071	333	0	0.082163	0.000006	0.589522
0.627071	334	0	0.082163	0.000006	0.590222
0.627071	335	0	0.082163	0.000006	0.590921
0.627071	336	0	0.082163	0.000006	0.591618
0.627071	337	0	0.082163	0.000006	0.592314
0.627071	338	0	0.082163	0.000006	0.593008
0.627071	339	0	0.082163	0.000006	0.593702
0.627071	340	0	0.082163	0.000006	0.594394
0.627071	341	1	0.082163	0.000006	0.595085
0.627071	342	0	0.082163	0.000006	0.595775
0.627071	343	0	0.082163	0.000006	0.596463
0.627071	344	1	0.082163	0.000006	0.597151
0.627071	345	2	0.082163	0.000006	0.597837
0.627071	346	0	0.082163	0.000006	0.598522
0.627071	347	2	0.082163	0.000006	0.599205
0.627071	348	0	0.082163	0.000006	0.599888
0.627071	349	0	0.082163	0.000006	0.600569
0.627071	350	0	0.082163	0.000006	0.601250
0.627071	351	0	0.082163	0.000006	0.601929
0.627071	352	0	0.082163	0.000006	0.602606
0.627071	353	0	0.082163	0.000006	0.603283
0.627071	354	0	0.082163	0.000006	0.603959
0.627071	355	0	0.082163	0.000006	0.604633
0.627071	356	2	0.082163	0.000006	0.605306
0.627071	357	1	0.082163	0.000006	0.605978
0.627071	358	0	0.082163	0.000006	0.606649
0.627071	359	3	0.082163	0.000006	0.607319
0.627071	360	0	0.082163	0.000006	0.607988
0.627071	361	0	0.082163	0.000005	0.608655
0.627071	362	0	0.082163	0.000005	0.609322
0.627071	363	0	0.082163	0.000005	0.609987
0.627071	364	1	0.082163	0.000005	0.610651
0.627071	365	1	0.082163	0.000005	0.611314
0.627071	366	0	0.082163	0.000005	0.611976
0.627071	367	0	0.082163	0.000005	0.612637
0.627071	368	1	0.082163	0.000005	0.613297
0.627071	369	0	0.082163	0.000005	0.613956
0.627071	370	0	0.082163	0.000005	0.614613
0.627071	371	1	0.082163	0.000005	0.615270
0.627071	372	0	0.082163	0.000005	0.615926
0.627071	373	0	0.082163	0.000005	0.616580
0.627071	374	0	0.082163	0.000005	0.617233
0.627071	375	0	0.082163	0.000005	0.617886
0.627071	376	0	0.082163	0.000005	0.618537
0.627071	377	0	0.082163	0.000005	0.619187
0.627071	378	0	0.082163	0.000005	0.619837
0.627071	379	0	0.082163	0.000005	0.620485
0.627071	380	0	0.082163	0.000005	0.621132
0.627071	381	0	0.082163	0.000005	0.621778
0.627071	382	0	0.082163	0.000005	0.622423
0.627071	383	0	0.082163	0.000005	0.623067
0.627071	384	1	0.082163	0.000005	0.623710
0.627071	385	0	0.082163	0.000005	0.624352
0.627071	386	1	0.082163	0.000005	0.624993
0.627071	387	1	0.082163	0.000005	0.625633
0.627071	388	0	0.082163	0.000005	0.626272
0.627071	389	0	0.082163	0.000005	0.626910
0.627071	390	0	0.082163	0.000005	0.627547
0.627071	391	0	0.082163	0.000005	0.628184
0.627071	392	0	0.082163	0.000005	0.628819
0.627071	393	1	0.082163	0.000005	0.629453
0.627071	394	0	0.082163	0.000005	0.630086
0.627071	395	0	0.082163	0.000005	0.630718
0.627071	396	0	0.082163	0.000005	0.631349
0.627071	397	0	0.082163	0.000005	0.631979
0.627071	398	0	0.082163	0.000004	0.632609
0.627071	399	0	0.082163	0.000004	0.633237
0.627071	400	0	0.082163	0.000004	0.633864
0.627071	401	0	0.082163	0.000004	0.634491
0.627071	402	1	0.082163	0.000004	0.635116
0.627071	403	0	0.082163	0.000004	0.635741
0.627071	404	0	0.082163	0.000004	0.636364
0.627071	405	0	0.082163	0.000004	0.636987
0.627071	406	1	0.082163	0.000004	0.637609
0.627071	407	0	0.082163	0.000004	0.638230
0.627071	408	0	0.082163	0.000004	0.638850
0.627071	409	0	0.082163	0.000004	0.639469
0.627071	410	0	0.082163	0.000004	0.640087
0.627071	411	0	0.082163	0.000004	0.640704
0.627071	412	0	0.082163	0.000004	0.641320
0.627071	413	0	0.082163	0.000004	0.641935
0.627071	414	1	0.082163	0.000004	0.642550
0.627071	415	0	0.082163	0.000004	0.643163
0.627071	416	0	0.082163	0.000004	0.643776
0.627071	417	0	0.082163	0.000004	0.644388
0.627071	418	1	0.082163	0.000004	0.644999
0.627071	419	1	0.082163	0.000004	0.645609
0.627071	420	0	0.082163	0.000004	0.646218
0.627071	421	0	0.082163	0.000004	0.646826
0.627071	422	0	0.082163	0.000004	0.647433
0.627071	423	0	0.082163	0.000004	0.648040
0.627071	424	0	0.082163	0.000004	0.648645
0.627071	425	0	0.082163	0.000004	0.649250
0.627071	426	1	0.082163	0.000004	0.649854
0.627071	427	1	0.082163	0.000004	0.650457
0.627071	428	1	0.082163	0.000004	0.651059
0.627071	429	0	0.082163	0.000004	0.651661
0.627071	430	0	0.082163	0.000004	0.652261
0.627071	431	0	0.082163	0.000004	0.652861
0.627071	432	0	0.082163	0.000004	0.653460
0.627071	433	0	0.082163	0.000004	0.654058
0.627071	434	1	0.082163	0.000004	0.654655
0.627071	435	0	0.082163	0.000004	0.655251
0.627071	436	0	0.082163	0.000004	0.655847
0.627071	437	0	0.082163	0.000004	0.656441
0.627071	438	0	0.082163	0.000004	0.657035
0.627071	439	1	0.082163	0.000004	0.657628
