0.449292	1	89640	0.082163	1.000000	-0.241060
0.449292	2	24694	0.082163	0.240315	-0.317112
0.449292	3	15793	0.082163	0.104367	-0.372284
0.449292	4	10686	0.082163	0.057751	-0.417158
0.449292	5	7649	0.082163	0.036494	-0.455657
0.449292	6	5901	0.082163	0.025081	-0.489736
0.449292	7	4571	0.082163	0.018266	-0.520530
0.449292	8	3734	0.082163	0.013879	-0.548766
0.449292	9	3049	0.082163	0.010892	-0.574941
0.449292	10	2523	0.082163	0.008770	-0.599412
0.449292	11	2168	0.082163	0.007209	-0.622444
0.449292	12	1915	0.082163	0.006027	-0.644242
0.449292	13	1614	0.082163	0.005112	-0.664969
0.449292	14	1493	0.082163	0.004389	-0.684752
0.449292	15	1195	0.082163	0.003809	-0.703699
0.449292	16	1038	0.082163	0.003335	-0.721897
0.449292	17	1017	0.082163	0.002944	-0.739419
0.449292	18	866	0.082163	0.002618	-0.756329
0.449292	19	825	0.082163	0.002342	-0.772681
0.449292	20	731	0.082163	0.002108	-0.788520
0.449292	21	678	0.082163	0.001906	-0.803887
0.449292	22	578	0.082163	0.001732	-0.818818
0.449292	23	573	0.082163	0.001581	-0.833345
0.449292	24	482	0.082163	0.001448	-0.847494
0.449292	25	419	0.082163	0.001332	-0.861292
0.449292	26	411	0.082163	0.001229	-0.874759
0.449292	27	395	0.082163	0.001137	-0.887918
0.449292	28	357	0.082163	0.001055	-0.900784
0.449292	29	295	0.082163	0.000981	-0.913376
0.449292	30	319	0.082163	0.000915	-0.925709
0.449292	31	276	0.082163	0.000856	-0.937795
0.449292	32	264	0.082163	0.000802	-0.949648
0.449292	33	232	0.082163	0.000752	-0.961279
0.449292	34	225	0.082163	0.000708	-0.972698
0.449292	35	191	0.082163	0.000667	-0.983917
0.449292	36	191	0.082163	0.000629	-0.994944
0.449292	37	190	0.082163	0.000595	-1.005786
0.449292	38	168	0.082163	0.000563	-1.016454
0.449292	39	145	0.082163	0.000534	-1.026952
0.449292	40	115	0.082163	0.000506	-1.037290
0.449292	41	137	0.082163	0.000481	-1.047472
0.449292	42	113	0.082163	0.000458	-1.057505
0.449292	43	132	0.082163	0.000436	-1.067395
0.449292	44	100	0.082163	0.000416	-1.077147
0.449292	45	84	0.082163	0.000398	-1.086766
0.449292	46	96	0.082163	0.000380	-1.096256
0.449292	47	74	0.082163	0.000363	-1.105623
0.449292	48	82	0.082163	0.000348	-1.114870
0.449292	49	68	0.082163	0.000334	-1.124001
0.449292	50	76	0.082163	0.000320	-1.133020
0.449292	51	63	0.082163	0.000307	-1.141931
0.449292	52	68	0.082163	0.000295	-1.150737
0.449292	53	50	0.082163	0.000284	-1.159441
0.449292	54	55	0.082163	0.000273	-1.168046
0.449292	55	54	0.082163	0.000263	-1.176556
0.449292	56	62	0.082163	0.000253	-1.184973
0.449292	57	45	0.082163	0.000244	-1.193299
0.449292	58	47	0.082163	0.000236	-1.201537
0.449292	59	37	0.082163	0.000228	-1.209690
0.449292	60	38	0.082163	0.000220	-1.217760
0.449292	61	41	0.082163	0.000213	-1.225749
0.449292	62	38	0.082163	0.000206	-1.233659
0.449292	63	32	0.082163	0.000199	-1.241493
0.449292	64	34	0.082163	0.000193	-1.249252
0.449292	65	39	0.082163	0.000187	-1.256937
0.449292	66	32	0.082163	0.000181	-1.264552
0.449292	67	30	0.082163	0.000175	-1.272097
0.449292	68	25	0.082163	0.000170	-1.279575
0.449292	69	29	0.082163	0.000165	-1.286986
0.449292	70	33	0.082163	0.000160	-1.294333
0.449292	71	17	0.082163	0.000156	-1.301616
0.449292	72	25	0.082163	0.000151	-1.308838
0.449292	73	17	0.082163	0.000147	-1.315999
0.449292	74	15	0.082163	0.000143	-1.323102
0.449292	75	13	0.082163	0.000139	-1.330146
0.449292	76	21	0.082163	0.000135	-1.337134
0.449292	77	9	0.082163	0.000132	-1.344067
0.449292	78	15	0.082163	0.000128	-1.350945
0.449292	79	19	0.082163	0.000125	-1.357771
0.449292	80	17	0.082163	0.000122	-1.364544
0.449292	81	16	0.082163	0.000119	-1.371266
0.449292	82	14	0.082163	0.000116	-1.377939
0.449292	83	11	0.082163	0.000113	-1.384562
0.449292	84	14	0.082163	0.000110	-1.391137
0.449292	85	9	0.082163	0.000107	-1.397666
0.449292	86	15	0.082163	0.000105	-1.404148
0.449292	87	12	0.082163	0.000102	-1.410584
0.449292	88	7	0.082163	0.000100	-1.416976
0.449292	89	9	0.082163	0.000098	-1.423324
0.449292	90	5	0.082163	0.000096	-1.429629
0.449292	91	9	0.082163	0.000093	-1.435892
0.449292	92	6	0.082163	0.000091	-1.442114
0.449292	93	10	0.082163	0.000089	-1.448295
0.449292	94	6	0.082163	0.000087	-1.454436
0.449292	95	7	0.082163	0.000085	-1.460537
0.449292	96	6	0.082163	0.000084	-1.466600
0.449292	97	8	0.082163	0.000082	-1.472625
0.449292	98	11	0.082163	0.000080	-1.478612
0.449292	99	4	0.082163	0.000079	-1.484562
0.449292	100	9	0.082163	0.000077	-1.490477
0.449292	101	5	0.082163	0.000075	-1.496355
0.449292	102	6	0.082163	0.000074	-1.502199
0.449292	103	8	0.082163	0.000072	-1.508008
0.449292	104	3	0.082163	0.000071	-1.513783
0.449292	105	2	0.082163	0.000070	-1.519524
0.449292	106	3	0.082163	0.000068	-1.525233
0.449292	107	2	0.082163	0.000067	-1.530909
0.449292	108	4	0.082163	0.000066	-1.536553
0.449292	109	2	0.082163	0.000064	-1.542166
0.449292	110	1	0.082163	0.000063	-1.547747
0.449292	111	1	0.082163	0.000062	-1.553298
0.449292	112	4	0.082163	0.000061	-1.558819
0.449292	113	5	0.082163	0.000060	-1.564311
0.449292	114	4	0.082163	0.000059	-1.569772
0.449292	115	3	0.082163	0.000058	-1.575205
0.449292	116	0	0.082163	0.000057	-1.580610
0.449292	117	2	0.082163	0.000056	-1.585986
0.449292	118	3	0.082163	0.000055	-1.591335
0.449292	119	1	0.082163	0.000054	-1.596657
0.449292	120	0	0.082163	0.000053	-1.601951
0.449292	121	1	0.082163	0.000052	-1.607219
0.449292	122	2	0.082163	0.000051	-1.612461
0.449292	123	1	0.082163	0.000050	-1.617676
0.449292	124	4	0.082163	0.000049	-1.622866
0.449292	125	0	0.082163	0.000049	-1.628031
0.449292	126	2	0.082163	0.000048	-1.633171
0.449292	127	2	0.082163	0.000047	-1.638287
0.449292	128	4	0.082163	0.000046	-1.643378
0.449292	129	2	0.082163	0.000046	-1.648445
0.449292	130	1	0.082163	0.000045	-1.653488
0.449292	131	0	0.082163	0.000044	-1.658508
0.449292	132	0	0.082163	0.000043	-1.663505
0.449292	133	2	0.082163	0.000043	-1.668479
0.449292	134	1	0.082163	0.000042	-1.673431
0.449292	135	1	0.082163	0.000041	-1.678360
0.449292	136	3	0.082163	0.000041	-1.683268
0.449292	137	1	0.082163	0.000040	-1.688153
0.449292	138	1	0.082163	0.000040	-1.693017
0.449292	139	0	0.082163	0.000039	-1.697860
0.449292	140	0	0.082163	0.000038	-1.702681
0.449292	141	2	0.082163	0.000038	-1.707482
0.449292	142	0	0.082163	0.000037	-1.712263
0.449292	143	1	0.082163	0.000037	-1.717023
0.449292	144	1	0.082163	0.000036	-1.721763
0.449292	145	1	0.082163	0.000036	-1.726483
0.449292	146	1	0.082163	0.000035	-1.731184
0.449292	147	1	0.082163	0.000035	-1.735865
0.449292	148	1	0.082163	0.000034	-1.740527
0.449292	149	2	0.082163	0.000034	-1.745170
0.449292	150	0	0.082163	0.000033	-1.749794
0.449292	151	0	0.082163	0.000033	-1.754399
0.449292	152	2	0.082163	0.000033	-1.758986
0.449292	153	1	0.082163	0.000032	-1.763555
0.449292	154	0	0.082163	0.000032	-1.768106
0.449292	155	1	0.082163	0.000031	-1.772639
0.449292	156	1	0.082163	0.000031	-1.777155
0.449292	157	0	0.082163	0.000030	-1.781653
0.449292	158	0	0.082163	0.000030	-1.786133
0.449292	159	0	0.082163	0.000030	-1.790597
0.449292	160	0	0.082163	0.000029	-1.795044
0.449292	161	0	0.082163	0.000029	-1.799474
0.449292	162	0	0.082163	0.000029	-1.803887
0.449292	163	0	0.082163	0.000028	-1.808284
0.449292	164	0	0.082163	0.000028	-1.812664
0.449292	165	0	0.082163	0.000027	-1.817029
0.449292	166	0	0.082163	0.000027	-1.821377
0.449292	167	0	0.082163	0.000027	-1.825710
0.449292	168	0	0.082163	0.000026	-1.830027
0.449292	169	0	0.082163	0.000026	-1.834329
0.449292	170	0	0.082163	0.000026	-1.838615
0.449292	171	0	0.082163	0.000026	-1.842886
0.449292	172	1	0.082163	0.000025	-1.847142
0.449292	173	0	0.082163	0.000025	-1.851383
0.449292	174	0	0.082163	0.000025	-1.855609
0.449292	175	2	0.082163	0.000024	-1.859820
0.449292	176	1	0.082163	0.000024	-1.864017
0.449292	177	0	0.082163	0.000024	-1.868200
0.449292	178	1	0.082163	0.000023	-1.872368
0.449292	179	0	0.082163	0.000023	-1.876523
0.449292	180	0	0.082163	0.000023	-1.880663
0.449292	181	0	0.082163	0.000023	-1.884789
0.449292	182	0	0.082163	0.000022	-1.888902
0.449292	183	1	0.082163	0.000022	-1.893001
0.449292	184	0	0.082163	0.000022	-1.897086
0.449292	185	0	0.082163	0.000022	-1.901158
0.449292	186	0	0.082163	0.000021	-1.905217
0.449292	187	0	0.082163	0.000021	-1.909263
0.449292	188	0	0.082163	0.000021	-1.913295
0.449292	189	0	0.082163	0.000021	-1.917315
0.449292	190	0	0.082163	0.000021	-1.921322
0.449292	191	0	0.082163	0.000020	-1.925316
0.449292	192	0	0.082163	0.000020	-1.929297
0.449292	193	0	0.082163	0.000020	-1.933266
0.449292	194	0	0.082163	0.000020	-1.937223
0.449292	195	0	0.082163	0.000019	-1.941167
0.449292	196	0	0.082163	0.000019	-1.945099
0.449292	197	1	0.082163	0.000019	-1.949019
0.449292	198	0	0.082163	0.000019	-1.952926
0.449292	199	0	0.082163	0.000019	-1.956822
0.449292	200	0	0.082163	0.000018	-1.960707
0.449292	201	0	0.082163	0.000018	-1.964579
0.449292	202	0	0.082163	0.000018	-1.968440
0.449292	203	0	0.082163	0.000018	-1.972289
0.449292	204	0	0.082163	0.000018	-1.976127
0.449292	205	0	0.082163	0.000018	-1.979953
0.449292	206	0	0.082163	0.000017	-1.983769
0.449292	207	0	0.082163	0.000017	-1.987573
0.449292	208	0	0.082163	0.000017	-1.991366
0.449292	209	0	0.082163	0.000017	-1.995148
0.449292	210	0	0.082163	0.000017	-1.998919
0.449292	211	0	0.082163	0.000017	-2.002679
0.449292	212	0	0.082163	0.000016	-2.006428
0.449292	213	0	0.082163	0.000016	-2.010167
0.449292	214	0	0.082163	0.000016	-2.013895
0.449292	215	0	0.082163	0.000016	-2.017613
0.449292	216	0	0.082163	0.000016	-2.021320
0.449292	217	0	0.082163	0.000016	-2.025017
0.449292	218	0	0.082163	0.000015	-2.028703
0.449292	219	0	0.082163	0.000015	-2.032380
0.449292	220	0	0.082163	0.000015	-2.036046
0.449292	221	0	0.082163	0.000015	-2.039702
0.449292	222	0	0.082163	0.000015	-2.043348
0.449292	223	0	0.082163	0.000015	-2.046984
0.449292	224	0	0.082163	0.000015	-2.050611
0.449292	225	0	0.082163	0.000015	-2.054228
0.449292	226	0	0.082163	0.000014	-2.057835
0.449292	227	0	0.082163	0.000014	-2.061432
0.449292	228	0	0.082163	0.000014	-2.065020
0.449292	229	0	0.082163	0.000014	-2.068598
0.449292	230	0	0.082163	0.000014	-2.072167
0.449292	231	0	0.082163	0.000014	-2.075726
0.449292	232	0	0.082163	0.000014	-2.079276
0.449292	233	0	0.082163	0.000014	-2.082817
0.449292	234	0	0.082163	0.000013	-2.086349
0.449292	235	0	0.082163	0.000013	-2.089872
0.449292	236	0	0.082163	0.000013	-2.093385
0.449292	237	0	0.082163	0.000013	-2.096890
0.449292	238	0	0.082163	0.000013	-2.100385
0.449292	239	0	0.082163	0.000013	-2.103872
0.449292	240	0	0.082163	0.000013	-2.107350
0.449292	241	0	0.082163	0.000013	-2.110819
0.449292	242	0	0.082163	0.000012	-2.114280
0.449292	243	0	0.082163	0.000012	-2.117732
0.449292	244	0	0.082163	0.000012	-2.121175
0.449292	245	0	0.082163	0.000012	-2.124610
0.449292	246	0	0.082163	0.000012	-2.128037
0.449292	247	0	0.082163	0.000012	-2.131454
0.449292	248	0	0.082163	0.000012	-2.134864
0.449292	249	0	0.082163	0.000012	-2.138265
0.449292	250	0	0.082163	0.000012	-2.141658
0.449292	251	0	0.082163	0.000012	-2.145043
0.449292	252	0	0.082163	0.000011	-2.148420
0.449292	253	0	0.082163	0.000011	-2.151789
0.449292	254	0	0.082163	0.000011	-2.155149
0.449292	255	0	0.082163	0.000011	-2.158502
0.449292	256	0	0.082163	0.000011	-2.161847
0.449292	257	0	0.082163	0.000011	-2.165183
0.449292	258	0	0.082163	0.000011	-2.168512
0.449292	259	0	0.082163	0.000011	-2.171834
0.449292	260	0	0.082163	0.000011	-2.175147
0.449292	261	0	0.082163	0.000011	-2.178453
0.449292	262	0	0.082163	0.000011	-2.181751
0.449292	263	0	0.082163	0.000011	-2.185041
0.449292	264	0	0.082163	0.000010	-2.188324
0.449292	265	0	0.082163	0.000010	-2.191600
0.449292	266	0	0.082163	0.000010	-2.194868
0.449292	267	0	0.082163	0.000010	-2.198128
0.449292	268	0	0.082163	0.000010	-2.201381
0.449292	269	0	0.082163	0.000010	-2.204627
0.449292	270	0	0.082163	0.000010	-2.207866
0.449292	271	0	0.082163	0.000010	-2.211097
0.449292	272	0	0.082163	0.000010	-2.214321
0.449292	273	0	0.082163	0.000010	-2.217538
0.449292	274	0	0.082163	0.000010	-2.220748
0.449292	275	0	0.082163	0.000010	-2.223951
0.449292	276	0	0.082163	0.000010	-2.227146
0.449292	277	0	0.082163	0.000009	-2.230335
0.449292	278	0	0.082163	0.000009	-2.233517
0.449292	279	0	0.082163	0.000009	-2.236692
0.449292	280	0	0.082163	0.000009	-2.239860
0.449292	281	0	0.082163	0.000009	-2.243021
0.449292	282	0	0.082163	0.000009	-2.246176
0.449292	283	0	0.082163	0.000009	-2.249323
0.449292	284	0	0.082163	0.000009	-2.252464
0.449292	285	0	0.082163	0.000009	-2.255598
0.449292	286	0	0.082163	0.000009	-2.258726
0.449292	287	0	0.082163	0.000009	-2.261847
0.449292	288	0	0.082163	0.000009	-2.264961
0.449292	289	0	0.082163	0.000009	-2.268069
0.449292	290	0	0.082163	0.000009	-2.271171
0.449292	291	0	0.082163	0.000009	-2.274266
0.449292	292	0	0.082163	0.000008	-2.277354
0.449292	293	0	0.082163	0.000008	-2.280436
0.449292	294	0	0.082163	0.000008	-2.283512
0.449292	295	0	0.082163	0.000008	-2.286582
0.449292	296	0	0.082163	0.000008	-2.289645
0.449292	297	0	0.082163	0.000008	-2.292702
0.449292	298	0	0.082163	0.000008	-2.295753
0.449292	299	0	0.082163	0.000008	-2.298797
0.449292	300	0	0.082163	0.000008	-2.301836
0.449292	301	0	0.082163	0.000008	-2.304868
0.449292	302	0	0.082163	0.000008	-2.307894
0.449292	303	0	0.082163	0.000008	-2.310914
0.449292	304	0	0.082163	0.000008	-2.313928
0.449292	305	0	0.082163	0.000008	-2.316937
0.449292	306	0	0.082163	0.000008	-2.319939
0.449292	307	0	0.082163	0.000008	-2.322935
0.449292	308	0	0.082163	0.000008	-2.325926
0.449292	309	0	0.082163	0.000008	-2.328910
0.449292	310	0	0.082163	0.000008	-2.331889
0.449292	311	0	0.082163	0.000007	-2.334862
0.449292	312	0	0.082163	0.000007	-2.337829
0.449292	313	0	0.082163	0.000007	-2.340790
0.449292	314	0	0.082163	0.000007	-2.343746
0.449292	315	0	0.082163	0.000007	-2.346696
0.449292	316	0	0.082163	0.000007	-2.349640
0.449292	317	0	0.082163	0.000007	-2.352579
0.449292	318	0	0.082163	0.000007	-2.355512
0.449292	319	0	0.082163	0.000007	-2.358439
0.449292	320	0	0.082163	0.000007	-2.361361
0.449292	321	0	0.082163	0.000007	-2.364278
0.449292	322	0	0.082163	0.000007	-2.367189
0.449292	323	0	0.082163	0.000007	-2.370094
0.449292	324	0	0.082163	0.000007	-2.372995
0.449292	325	0	0.082163	0.000007	-2.375889
0.449292	326	0	0.082163	0.000007	-2.378779
0.449292	327	0	0.082163	0.000007	-2.381663
0.449292	328	0	0.082163	0.000007	-2.384541
0.449292	329	0	0.082163	0.000007	-2.387415
0.449292	330	0	0.082163	0.000007	-2.390283
0.449292	331	0	0.082163	0.000007	-2.393145
0.449292	332	0	0.082163	0.000007	-2.396003
0.449292	333	0	0.082163	0.000006	-2.398855
0.449292	334	0	0.082163	0.000006	-2.401703
0.449292	335	0	0.082163	0.000006	-2.404545
0.449292	336	0	0.082163	0.000006	-2.407382
0.449292	337	0	0.082163	0.000006	-2.410214
0.449292	338	0	0.082163	0.000006	-2.413040
0.449292	339	0	0.082163	0.000006	-2.415862
0.449292	340	0	0.082163	0.000006	-2.418679
0.449292	341	0	0.082163	0.000006	-2.421491
0.449292	342	0	0.082163	0.000006	-2.424297
0.449292	343	0	0.082163	0.000006	-2.427099
0.449292	344	0	0.082163	0.000006	-2.429896
0.449292	345	0	0.082163	0.000006	-2.432688
0.449292	346	0	0.082163	0.000006	-2.435475
0.449292	347	0	0.082163	0.000006	-2.438257
0.449292	348	0	0.082163	0.000006	-2.441034
0.449292	349	0	0.082163	0.000006	-2.443807
0.449292	350	0	0.082163	0.000006	-2.446575
0.449292	351	0	0.082163	0.000006	-2.449338
0.449292	352	0	0.082163	0.000006	-2.452096
0.449292	353	0	0.082163	0.000006	-2.454849
0.449292	354	0	0.082163	0.000006	-2.457598
0.449292	355	0	0.082163	0.000006	-2.460342
0.449292	356	0	0.082163	0.000006	-2.463081
0.449292	357	0	0.082163	0.000006	-2.465816
0.449292	358	0	0.082163	0.000006	-2.468546
0.449292	359	0	0.082163	0.000006	-2.471272
0.449292	360	0	0.082163	0.000006	-2.473993
0.449292	361	0	0.082163	0.000005	-2.476709
0.449292	362	0	0.082163	0.000005	-2.479421
0.449292	363	0	0.082163	0.000005	-2.482128
0.449292	364	0	0.082163	0.000005	-2.484831
0.449292	365	0	0.082163	0.000005	-2.487529
0.449292	366	0	0.082163	0.000005	-2.490223
0.449292	367	0	0.082163	0.000005	-2.492913
0.449292	368	0	0.082163	0.000005	-2.495597
0.449292	369	0	0.082163	0.000005	-2.498278
0.449292	370	0	0.082163	0.000005	-2.500954
0.449292	371	0	0.082163	0.000005	-2.503626
0.449292	372	0	0.082163	0.000005	-2.506294
0.449292	373	0	0.082163	0.000005	-2.508957
0.449292	374	0	0.082163	0.000005	-2.511615
0.449292	375	0	0.082163	0.000005	-2.514270
0.449292	376	0	0.082163	0.000005	-2.516920
0.449292	377	0	0.082163	0.000005	-2.519566
0.449292	378	0	0.082163	0.000005	-2.522208
0.449292	379	0	0.082163	0.000005	-2.524846
0.449292	380	0	0.082163	0.000005	-2.527479
0.449292	381	0	0.082163	0.000005	-2.530108
0.449292	382	0	0.082163	0.000005	-2.532733
0.449292	383	0	0.082163	0.000005	-2.535354
0.449292	384	0	0.082163	0.000005	-2.537971
0.449292	385	0	0.082163	0.000005	-2.540583
0.449292	386	0	0.082163	0.000005	-2.543192
0.449292	387	0	0.082163	0.000005	-2.545796
0.449292	388	0	0.082163	0.000005	-2.548396
0.449292	389	0	0.082163	0.000005	-2.550993
0.449292	390	0	0.082163	0.000005	-2.553585
0.449292	391	0	0.082163	0.000005	-2.556173
0.449292	392	0	0.082163	0.000005	-2.558757
0.449292	393	0	0.082163	0.000005	-2.561338
0.449292	394	0	0.082163	0.000005	-2.563914
0.449292	395	0	0.082163	0.000005	-2.566486
0.449292	396	0	0.082163	0.000005	-2.569055
0.449292	397	0	0.082163	0.000005	-2.571619
0.449292	398	0	0.082163	0.000004	-2.574180
0.449292	399	0	0.082163	0.000004	-2.576737
0.449292	400	0	0.082163	0.000004	-2.579289
0.449292	401	0	0.082163	0.000004	-2.581838
0.449292	402	0	0.082163	0.000004	-2.584384
0.449292	403	0	0.082163	0.000004	-2.586925
0.449292	404	0	0.082163	0.000004	-2.589462
0.449292	405	0	0.082163	0.000004	-2.591996
0.449292	406	0	0.082163	0.000004	-2.594526
0.449292	407	0	0.082163	0.000004	-2.597052
0.449292	408	0	0.082163	0.000004	-2.599575
0.449292	409	0	0.082163	0.000004	-2.602093
0.449292	410	0	0.082163	0.000004	-2.604608
0.449292	411	0	0.082163	0.000004	-2.607120
0.449292	412	0	0.082163	0.000004	-2.609627
0.449292	413	0	0.082163	0.000004	-2.612131
0.449292	414	0	0.082163	0.000004	-2.614631
0.449292	415	0	0.082163	0.000004	-2.617128
0.449292	416	0	0.082163	0.000004	-2.619621
0.449292	417	0	0.082163	0.000004	-2.622110
0.449292	418	0	0.082163	0.000004	-2.624596
0.449292	419	0	0.082163	0.000004	-2.627078
0.449292	420	0	0.082163	0.000004	-2.629557
0.449292	421	0	0.082163	0.000004	-2.632032
0.449292	422	0	0.082163	0.000004	-2.634503
0.449292	423	0	0.082163	0.000004	-2.636971
0.449292	424	0	0.082163	0.000004	-2.639436
0.449292	425	0	0.082163	0.000004	-2.641897
0.449292	426	0	0.082163	0.000004	-2.644354
0.449292	427	0	0.082163	0.000004	-2.646808
0.449292	428	0	0.082163	0.000004	-2.649258
0.449292	429	0	0.082163	0.000004	-2.651705
0.449292	430	0	0.082163	0.000004	-2.654149
0.449292	431	0	0.082163	0.000004	-2.656589
0.449292	432	0	0.082163	0.000004	-2.659026
0.449292	433	0	0.082163	0.000004	-2.661459
0.449292	434	0	0.082163	0.000004	-2.663889
0.449292	435	0	0.082163	0.000004	-2.666315
0.449292	436	0	0.082163	0.000004	-2.668738
0.449292	437	0	0.082163	0.000004	-2.671158
0.449292	438	0	0.082163	0.000004	-2.673575
0.449292	439	0	0.082163	0.000004	-2.675988
