0.489696	1	72160	0.082163	1.000000	-0.172810
0.489696	2	19304	0.082163	0.240315	-0.227330
0.489696	3	12185	0.082163	0.104367	-0.266882
0.489696	4	8179	0.082163	0.057751	-0.299050
0.489696	5	5923	0.082163	0.036494	-0.326649
0.489696	6	4566	0.082163	0.025081	-0.351080
0.489696	7	3673	0.082163	0.018266	-0.373156
0.489696	8	2921	0.082163	0.013879	-0.393398
0.489696	9	2466	0.082163	0.010892	-0.412162
0.489696	10	2069	0.082163	0.008770	-0.429704
0.489696	11	1811	0.082163	0.007209	-0.446215
0.489696	12	1594	0.082163	0.006027	-0.461842
0.489696	13	1324	0.082163	0.005112	-0.476700
0.489696	14	1213	0.082163	0.004389	-0.490882
0.489696	15	1087	0.082163	0.003809	-0.504465
0.489696	16	974	0.082163	0.003335	-0.517510
0.489696	17	908	0.082163	0.002944	-0.530072
0.489696	18	802	0.082163	0.002618	-0.542194
0.489696	19	697	0.082163	0.002342	-0.553916
0.489696	20	625	0.082163	0.002108	-0.565271
0.489696	21	631	0.082163	0.001906	-0.576288
0.489696	22	586	0.082163	0.001732	-0.586991
0.489696	23	567	0.082163	0.001581	-0.597405
0.489696	24	524	0.082163	0.001448	-0.607548
0.489696	25	434	0.082163	0.001332	-0.617439
0.489696	26	410	0.082163	0.001229	-0.627094
0.489696	27	386	0.082163	0.001137	-0.636527
0.489696	28	349	0.082163	0.001055	-0.645751
0.489696	29	326	0.082163	0.000981	-0.654778
0.489696	30	321	0.082163	0.000915	-0.663618
0.489696	31	293	0.082163	0.000856	-0.672283
0.489696	32	262	0.082163	0.000802	-0.680780
0.489696	33	285	0.082163	0.000752	-0.689118
0.489696	34	253	0.082163	0.000708	-0.697304
0.489696	35	205	0.082163	0.000667	-0.705347
0.489696	36	231	0.082163	0.000629	-0.713251
0.489696	37	203	0.082163	0.000595	-0.721024
0.489696	38	202	0.082163	0.000563	-0.728671
0.489696	39	214	0.082163	0.000534	-0.736198
0.489696	40	182	0.082163	0.000506	-0.743608
0.489696	41	147	0.082163	0.000481	-0.750908
0.489696	42	137	0.082163	0.000458	-0.758100
0.489696	43	144	0.082163	0.000436	-0.765190
0.489696	44	164	0.082163	0.000416	-0.772181
0.489696	45	127	0.082163	0.000398	-0.779077
0.489696	46	134	0.082163	0.000380	-0.785880
0.489696	47	122	0.082163	0.000363	-0.792595
0.489696	48	118	0.082163	0.000348	-0.799224
0.489696	49	119	0.082163	0.000334	-0.805770
0.489696	50	89	0.082163	0.000320	-0.812235
0.489696	51	114	0.082163	0.000307	-0.818623
0.489696	52	111	0.082163	0.000295	-0.824936
0.489696	53	107	0.082163	0.000284	-0.831176
0.489696	54	100	0.082163	0.000273	-0.837345
0.489696	55	79	0.082163	0.000263	-0.843445
0.489696	56	98	0.082163	0.000253	-0.849479
0.489696	57	101	0.082163	0.000244	-0.855448
0.489696	58	93	0.082163	0.000236	-0.861353
0.489696	59	80	0.082163	0.000228	-0.867198
0.489696	60	70	0.082163	0.000220	-0.872983
0.489696	61	53	0.082163	0.000213	-0.878710
0.489696	62	48	0.082163	0.000206	-0.884381
0.489696	63	56	0.082163	0.000199	-0.889997
0.489696	64	66	0.082163	0.000193	-0.895559
0.489696	65	56	0.082163	0.000187	-0.901069
0.489696	66	56	0.082163	0.000181	-0.906527
0.489696	67	53	0.082163	0.000175	-0.911936
0.489696	68	50	0.082163	0.000170	-0.917297
0.489696	69	49	0.082163	0.000165	-0.922610
0.489696	70	48	0.082163	0.000160	-0.927876
0.489696	71	49	0.082163	0.000156	-0.933098
0.489696	72	47	0.082163	0.000151	-0.938275
0.489696	73	48	0.082163	0.000147	-0.943409
0.489696	74	44	0.082163	0.000143	-0.948500
0.489696	75	52	0.082163	0.000139	-0.953550
0.489696	76	39	0.082163	0.000135	-0.958560
0.489696	77	33	0.082163	0.000132	-0.963530
0.489696	78	32	0.082163	0.000128	-0.968461
0.489696	79	40	0.082163	0.000125	-0.973353
0.489696	80	30	0.082163	0.000122	-0.978209
0.489696	81	36	0.082163	0.000119	-0.983028
0.489696	82	31	0.082163	0.000116	-0.987811
0.489696	83	38	0.082163	0.000113	-0.992560
0.489696	84	30	0.082163	0.000110	-0.997273
0.489696	85	28	0.082163	0.000107	-1.001953
0.489696	86	26	0.082163	0.000105	-1.006600
0.489696	87	13	0.082163	0.000102	-1.011214
0.489696	88	30	0.082163	0.000100	-1.015796
0.489696	89	20	0.082163	0.000098	-1.020347
0.489696	90	26	0.082163	0.000096	-1.024867
0.489696	91	29	0.082163	0.000093	-1.029357
0.489696	92	30	0.082163	0.000091	-1.033817
0.489696	93	21	0.082163	0.000089	-1.038248
0.489696	94	22	0.082163	0.000087	-1.042650
0.489696	95	22	0.082163	0.000085	-1.047024
0.489696	96	20	0.082163	0.000084	-1.051371
0.489696	97	30	0.082163	0.000082	-1.055689
0.489696	98	22	0.082163	0.000080	-1.059982
0.489696	99	13	0.082163	0.000079	-1.064247
0.489696	100	24	0.082163	0.000077	-1.068487
0.489696	101	21	0.082163	0.000075	-1.072701
0.489696	102	14	0.082163	0.000074	-1.076890
0.489696	103	12	0.082163	0.000072	-1.081055
0.489696	104	10	0.082163	0.000071	-1.085195
0.489696	105	20	0.082163	0.000070	-1.089311
0.489696	106	13	0.082163	0.000068	-1.093403
0.489696	107	16	0.082163	0.000067	-1.097472
0.489696	108	14	0.082163	0.000066	-1.101518
0.489696	109	16	0.082163	0.000064	-1.105542
0.489696	110	17	0.082163	0.000063	-1.109543
0.489696	111	17	0.082163	0.000062	-1.113523
0.489696	112	18	0.082163	0.000061	-1.117480
0.489696	113	7	0.082163	0.000060	-1.121417
0.489696	114	18	0.082163	0.000059	-1.125332
0.489696	115	10	0.082163	0.000058	-1.129227
0.489696	116	14	0.082163	0.000057	-1.133102
0.489696	117	7	0.082163	0.000056	-1.136956
0.489696	118	13	0.082163	0.000055	-1.140790
0.489696	119	8	0.082163	0.000054	-1.144605
0.489696	120	11	0.082163	0.000053	-1.148401
0.489696	121	13	0.082163	0.000052	-1.152177
0.489696	122	9	0.082163	0.000051	-1.155935
0.489696	123	10	0.082163	0.000050	-1.159674
0.489696	124	13	0.082163	0.000049	-1.163394
0.489696	125	6	0.082163	0.000049	-1.167097
0.489696	126	8	0.082163	0.000048	-1.170782
0.489696	127	9	0.082163	0.000047	-1.174449
0.489696	128	6	0.082163	0.000046	-1.178098
0.489696	129	14	0.082163	0.000046	-1.181731
0.489696	130	9	0.082163	0.000045	-1.185346
0.489696	131	11	0.082163	0.000044	-1.188945
0.489696	132	8	0.082163	0.000043	-1.192527
0.489696	133	12	0.082163	0.000043	-1.196093
0.489696	134	7	0.082163	0.000042	-1.199643
0.489696	135	7	0.082163	0.000041	-1.203176
0.489696	136	2	0.082163	0.000041	-1.206694
0.489696	137	8	0.082163	0.000040	-1.210197
0.489696	138	8	0.082163	0.000040	-1.213684
0.489696	139	6	0.082163	0.000039	-1.217155
0.489696	140	6	0.082163	0.000038	-1.220612
0.489696	141	9	0.082163	0.000038	-1.224053
0.489696	142	1	0.082163	0.000037	-1.227480
0.489696	143	5	0.082163	0.000037	-1.230893
0.489696	144	7	0.082163	0.000036	-1.234291
0.489696	145	6	0.082163	0.000036	-1.237675
0.489696	146	4	0.082163	0.000035	-1.241044
0.489696	147	8	0.082163	0.000035	-1.244400
0.489696	148	4	0.082163	0.000034	-1.247742
0.489696	149	4	0.082163	0.000034	-1.251070
0.489696	150	3	0.082163	0.000033	-1.254385
0.489696	151	5	0.082163	0.000033	-1.257687
0.489696	152	4	0.082163	0.000033	-1.260975
0.489696	153	2	0.082163	0.000032	-1.264251
0.489696	154	3	0.082163	0.000032	-1.267513
0.489696	155	4	0.082163	0.000031	-1.270763
0.489696	156	3	0.082163	0.000031	-1.274000
0.489696	157	4	0.082163	0.000030	-1.277224
0.489696	158	7	0.082163	0.000030	-1.280436
0.489696	159	2	0.082163	0.000030	-1.283636
0.489696	160	3	0.082163	0.000029	-1.286824
0.489696	161	5	0.082163	0.000029	-1.290000
0.489696	162	5	0.082163	0.000029	-1.293163
0.489696	163	2	0.082163	0.000028	-1.296315
0.489696	164	4	0.082163	0.000028	-1.299456
0.489696	165	5	0.082163	0.000027	-1.302585
0.489696	166	2	0.082163	0.000027	-1.305702
0.489696	167	5	0.082163	0.000027	-1.308808
0.489696	168	3	0.082163	0.000026	-1.311903
0.489696	169	2	0.082163	0.000026	-1.314986
0.489696	170	2	0.082163	0.000026	-1.318059
0.489696	171	0	0.082163	0.000026	-1.321121
0.489696	172	5	0.082163	0.000025	-1.324172
0.489696	173	2	0.082163	0.000025	-1.327212
0.489696	174	2	0.082163	0.000025	-1.330242
0.489696	175	4	0.082163	0.000024	-1.333261
0.489696	176	0	0.082163	0.000024	-1.336270
0.489696	177	2	0.082163	0.000024	-1.339268
0.489696	178	6	0.082163	0.000023	-1.342256
0.489696	179	4	0.082163	0.000023	-1.345234
0.489696	180	3	0.082163	0.000023	-1.348202
0.489696	181	2	0.082163	0.000023	-1.351160
0.489696	182	2	0.082163	0.000022	-1.354109
0.489696	183	3	0.082163	0.000022	-1.357047
0.489696	184	4	0.082163	0.000022	-1.359976
0.489696	185	0	0.082163	0.000022	-1.362895
0.489696	186	0	0.082163	0.000021	-1.365805
0.489696	187	1	0.082163	0.000021	-1.368705
0.489696	188	1	0.082163	0.000021	-1.371596
0.489696	189	2	0.082163	0.000021	-1.374477
0.489696	190	4	0.082163	0.000021	-1.377350
0.489696	191	1	0.082163	0.000020	-1.380213
0.489696	192	1	0.082163	0.000020	-1.383067
0.489696	193	0	0.082163	0.000020	-1.385912
0.489696	194	0	0.082163	0.000020	-1.388749
0.489696	195	0	0.082163	0.000019	-1.391576
0.489696	196	2	0.082163	0.000019	-1.394395
0.489696	197	0	0.082163	0.000019	-1.397205
0.489696	198	0	0.082163	0.000019	-1.400006
0.489696	199	2	0.082163	0.000019	-1.402799
0.489696	200	1	0.082163	0.000018	-1.405584
0.489696	201	1	0.082163	0.000018	-1.408360
0.489696	202	3	0.082163	0.000018	-1.411128
0.489696	203	1	0.082163	0.000018	-1.413887
0.489696	204	1	0.082163	0.000018	-1.416638
0.489696	205	0	0.082163	0.000018	-1.419381
0.489696	206	0	0.082163	0.000017	-1.422116
0.489696	207	1	0.082163	0.000017	-1.424843
0.489696	208	2	0.082163	0.000017	-1.427563
0.489696	209	2	0.082163	0.000017	-1.430274
0.489696	210	1	0.082163	0.000017	-1.432977
0.489696	211	1	0.082163	0.000017	-1.435673
0.489696	212	1	0.082163	0.000016	-1.438361
0.489696	213	1	0.082163	0.000016	-1.441041
0.489696	214	1	0.082163	0.000016	-1.443713
0.489696	215	0	0.082163	0.000016	-1.446378
0.489696	216	0	0.082163	0.000016	-1.449036
0.489696	217	2	0.082163	0.000016	-1.451686
0.489696	218	1	0.082163	0.000015	-1.454329
0.489696	219	0	0.082163	0.000015	-1.456965
0.489696	220	0	0.082163	0.000015	-1.459593
0.489696	221	0	0.082163	0.000015	-1.462214
0.489696	222	0	0.082163	0.000015	-1.464828
0.489696	223	2	0.082163	0.000015	-1.467434
0.489696	224	0	0.082163	0.000015	-1.470034
0.489696	225	0	0.082163	0.000015	-1.472627
0.489696	226	1	0.082163	0.000014	-1.475213
0.489696	227	0	0.082163	0.000014	-1.477791
0.489696	228	1	0.082163	0.000014	-1.480363
0.489696	229	0	0.082163	0.000014	-1.482928
0.489696	230	0	0.082163	0.000014	-1.485487
0.489696	231	1	0.082163	0.000014	-1.488039
0.489696	232	1	0.082163	0.000014	-1.490584
0.489696	233	1	0.082163	0.000014	-1.493122
0.489696	234	0	0.082163	0.000013	-1.495654
0.489696	235	0	0.082163	0.000013	-1.498179
0.489696	236	0	0.082163	0.000013	-1.500698
0.489696	237	0	0.082163	0.000013	-1.503210
0.489696	238	1	0.082163	0.000013	-1.505716
0.489696	239	0	0.082163	0.000013	-1.508216
0.489696	240	0	0.082163	0.000013	-1.510709
0.489696	241	1	0.082163	0.000013	-1.513196
0.489696	242	1	0.082163	0.000012	-1.515677
0.489696	243	2	0.082163	0.000012	-1.518152
0.489696	244	1	0.082163	0.000012	-1.520620
0.489696	245	0	0.082163	0.000012	-1.523082
0.489696	246	1	0.082163	0.000012	-1.525539
0.489696	247	1	0.082163	0.000012	-1.527989
0.489696	248	1	0.082163	0.000012	-1.530433
0.489696	249	0	0.082163	0.000012	-1.532871
0.489696	250	0	0.082163	0.000012	-1.535304
0.489696	251	0	0.082163	0.000012	-1.537730
0.489696	252	0	0.082163	0.000011	-1.540151
0.489696	253	0	0.082163	0.000011	-1.542566
0.489696	254	0	0.082163	0.000011	-1.544975
0.489696	255	0	0.082163	0.000011	-1.547379
0.489696	256	2	0.082163	0.000011	-1.549776
0.489696	257	0	0.082163	0.000011	-1.552168
0.489696	258	0	0.082163	0.000011	-1.554555
0.489696	259	1	0.082163	0.000011	-1.556936
0.489696	260	0	0.082163	0.000011	-1.559311
0.489696	261	0	0.082163	0.000011	-1.561681
0.489696	262	1	0.082163	0.000011	-1.564045
0.489696	263	0	0.082163	0.000011	-1.566404
0.489696	264	0	0.082163	0.000010	-1.568757
0.489696	265	1	0.082163	0.000010	-1.571106
0.489696	266	0	0.082163	0.000010	-1.573448
0.489696	267	0	0.082163	0.000010	-1.575786
0.489696	268	0	0.082163	0.000010	-1.578118
0.489696	269	2	0.082163	0.000010	-1.580445
0.489696	270	0	0.082163	0.000010	-1.582766
0.489696	271	0	0.082163	0.000010	-1.585083
0.489696	272	1	0.082163	0.000010	-1.587394
0.489696	273	0	0.082163	0.000010	-1.589700
0.489696	274	0	0.082163	0.000010	-1.592001
0.489696	275	0	0.082163	0.000010	-1.594297
0.489696	276	0	0.082163	0.000010	-1.596588
0.489696	277	0	0.082163	0.000009	-1.598874
0.489696	278	0	0.082163	0.000009	-1.601155
0.489696	279	0	0.082163	0.000009	-1.603431
0.489696	280	0	0.082163	0.000009	-1.605702
0.489696	281	1	0.082163	0.000009	-1.607968
0.489696	282	1	0.082163	0.000009	-1.610230
0.489696	283	0	0.082163	0.000009	-1.612486
0.489696	284	0	0.082163	0.000009	-1.614738
0.489696	285	0	0.082163	0.000009	-1.616985
0.489696	286	0	0.082163	0.000009	-1.619227
0.489696	287	0	0.082163	0.000009	-1.621464
0.489696	288	0	0.082163	0.000009	-1.623697
0.489696	289	0	0.082163	0.000009	-1.625925
0.489696	290	0	0.082163	0.000009	-1.628148
0.489696	291	0	0.082163	0.000009	-1.630367
0.489696	292	1	0.082163	0.000008	-1.632581
0.489696	293	0	0.082163	0.000008	-1.634791
0.489696	294	0	0.082163	0.000008	-1.636996
0.489696	295	0	0.082163	0.000008	-1.639196
0.489696	296	0	0.082163	0.000008	-1.641392
0.489696	297	0	0.082163	0.000008	-1.643583
0.489696	298	0	0.082163	0.000008	-1.645770
0.489696	299	0	0.082163	0.000008	-1.647953
0.489696	300	0	0.082163	0.000008	-1.650131
0.489696	301	0	0.082163	0.000008	-1.652305
0.489696	302	0	0.082163	0.000008	-1.654474
0.489696	303	0	0.082163	0.000008	-1.656639
0.489696	304	1	0.082163	0.000008	-1.658800
0.489696	305	0	0.082163	0.000008	-1.660957
0.489696	306	0	0.082163	0.000008	-1.663109
0.489696	307	0	0.082163	0.000008	-1.665257
0.489696	308	0	0.082163	0.000008	-1.667401
0.489696	309	0	0.082163	0.000008	-1.669540
0.489696	310	1	0.082163	0.000008	-1.671675
0.489696	311	0	0.082163	0.000007	-1.673807
0.489696	312	0	0.082163	0.000007	-1.675934
0.489696	313	0	0.082163	0.000007	-1.678057
0.489696	314	0	0.082163	0.000007	-1.680176
0.489696	315	0	0.082163	0.000007	-1.682290
0.489696	316	0	0.082163	0.000007	-1.684401
0.489696	317	0	0.082163	0.000007	-1.686508
0.489696	318	0	0.082163	0.000007	-1.688610
0.489696	319	0	0.082163	0.000007	-1.690709
0.489696	320	0	0.082163	0.000007	-1.692804
0.489696	321	0	0.082163	0.000007	-1.694895
0.489696	322	0	0.082163	0.000007	-1.696981
0.489696	323	0	0.082163	0.000007	-1.699064
0.489696	324	0	0.082163	0.000007	-1.701143
0.489696	325	0	0.082163	0.000007	-1.703218
0.489696	326	0	0.082163	0.000007	-1.705290
0.489696	327	0	0.082163	0.000007	-1.707357
0.489696	328	1	0.082163	0.000007	-1.709421
0.489696	329	0	0.082163	0.000007	-1.711481
0.489696	330	0	0.082163	0.000007	-1.713537
0.489696	331	2	0.082163	0.000007	-1.715589
0.489696	332	0	0.082163	0.000007	-1.717637
0.489696	333	0	0.082163	0.000006	-1.719682
0.489696	334	0	0.082163	0.000006	-1.721723
0.489696	335	0	0.082163	0.000006	-1.723761
0.489696	336	0	0.082163	0.000006	-1.725795
0.489696	337	0	0.082163	0.000006	-1.727825
0.489696	338	0	0.082163	0.000006	-1.729851
0.489696	339	0	0.082163	0.000006	-1.731874
0.489696	340	0	0.082163	0.000006	-1.733893
0.489696	341	0	0.082163	0.000006	-1.735909
0.489696	342	0	0.082163	0.000006	-1.737921
0.489696	343	0	0.082163	0.000006	-1.739929
0.489696	344	0	0.082163	0.000006	-1.741934
0.489696	345	0	0.082163	0.000006	-1.743936
0.489696	346	0	0.082163	0.000006	-1.745934
0.489696	347	0	0.082163	0.000006	-1.747928
0.489696	348	0	0.082163	0.000006	-1.749919
0.489696	349	0	0.082163	0.000006	-1.751907
0.489696	350	0	0.082163	0.000006	-1.753891
0.489696	351	0	0.082163	0.000006	-1.755872
0.489696	352	0	0.082163	0.000006	-1.757849
0.489696	353	0	0.082163	0.000006	-1.759823
0.489696	354	0	0.082163	0.000006	-1.761793
0.489696	355	0	0.082163	0.000006	-1.763761
0.489696	356	0	0.082163	0.000006	-1.765724
0.489696	357	0	0.082163	0.000006	-1.767685
0.489696	358	0	0.082163	0.000006	-1.769642
0.489696	359	0	0.082163	0.000006	-1.771596
0.489696	360	0	0.082163	0.000006	-1.773546
0.489696	361	0	0.082163	0.000005	-1.775494
0.489696	362	0	0.082163	0.000005	-1.777438
0.489696	363	0	0.082163	0.000005	-1.779379
0.489696	364	0	0.082163	0.000005	-1.781316
0.489696	365	0	0.082163	0.000005	-1.783250
0.489696	366	0	0.082163	0.000005	-1.785182
0.489696	367	0	0.082163	0.000005	-1.787110
0.489696	368	0	0.082163	0.000005	-1.789034
0.489696	369	1	0.082163	0.000005	-1.790956
0.489696	370	0	0.082163	0.000005	-1.792874
0.489696	371	0	0.082163	0.000005	-1.794790
0.489696	372	1	0.082163	0.000005	-1.796702
0.489696	373	0	0.082163	0.000005	-1.798611
0.489696	374	0	0.082163	0.000005	-1.800517
0.489696	375	0	0.082163	0.000005	-1.802420
0.489696	376	0	0.082163	0.000005	-1.804320
0.489696	377	0	0.082163	0.000005	-1.806217
0.489696	378	0	0.082163	0.000005	-1.808111
0.489696	379	0	0.082163	0.000005	-1.810002
0.489696	380	0	0.082163	0.000005	-1.811889
0.489696	381	0	0.082163	0.000005	-1.813774
0.489696	382	0	0.082163	0.000005	-1.815656
0.489696	383	0	0.082163	0.000005	-1.817535
0.489696	384	0	0.082163	0.000005	-1.819411
0.489696	385	0	0.082163	0.000005	-1.821283
0.489696	386	0	0.082163	0.000005	-1.823153
0.489696	387	0	0.082163	0.000005	-1.825020
0.489696	388	0	0.082163	0.000005	-1.826885
0.489696	389	0	0.082163	0.000005	-1.828746
0.489696	390	0	0.082163	0.000005	-1.830604
0.489696	391	0	0.082163	0.000005	-1.832460
0.489696	392	0	0.082163	0.000005	-1.834312
0.489696	393	0	0.082163	0.000005	-1.836162
0.489696	394	0	0.082163	0.000005	-1.838009
0.489696	395	0	0.082163	0.000005	-1.839853
0.489696	396	0	0.082163	0.000005	-1.841694
0.489696	397	0	0.082163	0.000005	-1.843533
0.489696	398	0	0.082163	0.000004	-1.845368
0.489696	399	0	0.082163	0.000004	-1.847201
0.489696	400	0	0.082163	0.000004	-1.849031
0.489696	401	0	0.082163	0.000004	-1.850858
0.489696	402	0	0.082163	0.000004	-1.852683
0.489696	403	0	0.082163	0.000004	-1.854505
0.489696	404	0	0.082163	0.000004	-1.856324
0.489696	405	0	0.082163	0.000004	-1.858140
0.489696	406	0	0.082163	0.000004	-1.859954
0.489696	407	0	0.082163	0.000004	-1.861765
0.489696	408	0	0.082163	0.000004	-1.863573
0.489696	409	0	0.082163	0.000004	-1.865379
0.489696	410	0	0.082163	0.000004	-1.867182
0.489696	411	0	0.082163	0.000004	-1.868982
0.489696	412	0	0.082163	0.000004	-1.870780
0.489696	413	0	0.082163	0.000004	-1.872575
0.489696	414	0	0.082163	0.000004	-1.874367
0.489696	415	0	0.082163	0.000004	-1.876157
0.489696	416	0	0.082163	0.000004	-1.877944
0.489696	417	0	0.082163	0.000004	-1.879728
0.489696	418	0	0.082163	0.000004	-1.881510
0.489696	419	0	0.082163	0.000004	-1.883290
0.489696	420	0	0.082163	0.000004	-1.885067
0.489696	421	0	0.082163	0.000004	-1.886841
0.489696	422	0	0.082163	0.000004	-1.888613
0.489696	423	0	0.082163	0.000004	-1.890382
0.489696	424	0	0.082163	0.000004	-1.892148
0.489696	425	0	0.082163	0.000004	-1.893913
0.489696	426	0	0.082163	0.000004	-1.895674
0.489696	427	0	0.082163	0.000004	-1.897433
0.489696	428	0	0.082163	0.000004	-1.899190
0.489696	429	0	0.082163	0.000004	-1.900944
0.489696	430	0	0.082163	0.000004	-1.902696
0.489696	431	0	0.082163	0.000004	-1.904445
0.489696	432	0	0.082163	0.000004	-1.906192
0.489696	433	0	0.082163	0.000004	-1.907936
0.489696	434	0	0.082163	0.000004	-1.909678
0.489696	435	0	0.082163	0.000004	-1.911418
0.489696	436	0	0.082163	0.000004	-1.913155
0.489696	437	0	0.082163	0.000004	-1.914890
0.489696	438	0	0.082163	0.000004	-1.916622
0.489696	439	0	0.082163	0.000004	-1.918352
