0.558383	1	47139	0.082163	1.000000	-0.056785
0.558383	2	10898	0.082163	0.240315	-0.074700
0.558383	3	6686	0.082163	0.104367	-0.087696
0.558383	4	4560	0.082163	0.057751	-0.098267
0.558383	5	3225	0.082163	0.036494	-0.107336
0.558383	6	2436	0.082163	0.025081	-0.115363
0.558383	7	1824	0.082163	0.018266	-0.122617
0.558383	8	1517	0.082163	0.013879	-0.129269
0.558383	9	1269	0.082163	0.010892	-0.135435
0.558383	10	1076	0.082163	0.008770	-0.141199
0.558383	11	890	0.082163	0.007209	-0.146624
0.558383	12	792	0.082163	0.006027	-0.151759
0.558383	13	689	0.082163	0.005112	-0.156642
0.558383	14	613	0.082163	0.004389	-0.161302
0.558383	15	550	0.082163	0.003809	-0.165765
0.558383	16	496	0.082163	0.003335	-0.170052
0.558383	17	409	0.082163	0.002944	-0.174179
0.558383	18	401	0.082163	0.002618	-0.178163
0.558383	19	374	0.082163	0.002342	-0.182015
0.558383	20	332	0.082163	0.002108	-0.185746
0.558383	21	317	0.082163	0.001906	-0.189366
0.558383	22	266	0.082163	0.001732	-0.192883
0.558383	23	262	0.082163	0.001581	-0.196305
0.558383	24	276	0.082163	0.001448	-0.199638
0.558383	25	224	0.082163	0.001332	-0.202888
0.558383	26	215	0.082163	0.001229	-0.206061
0.558383	27	220	0.082163	0.001137	-0.209160
0.558383	28	197	0.082163	0.001055	-0.212191
0.558383	29	203	0.082163	0.000981	-0.215157
0.558383	30	153	0.082163	0.000915	-0.218062
0.558383	31	166	0.082163	0.000856	-0.220909
0.558383	32	150	0.082163	0.000802	-0.223701
0.558383	33	137	0.082163	0.000752	-0.226441
0.558383	34	157	0.082163	0.000708	-0.229131
0.558383	35	137	0.082163	0.000667	-0.231774
0.558383	36	137	0.082163	0.000629	-0.234371
0.558383	37	116	0.082163	0.000595	-0.236926
0.558383	38	122	0.082163	0.000563	-0.239438
0.558383	39	122	0.082163	0.000534	-0.241911
0.558383	40	111	0.082163	0.000506	-0.244347
0.558383	41	122	0.082163	0.000481	-0.246745
0.558383	42	106	0.082163	0.000458	-0.249109
0.558383	43	101	0.082163	0.000436	-0.251438
0.558383	44	90	0.082163	0.000416	-0.253735
0.558383	45	100	0.082163	0.000398	-0.256001
0.558383	46	93	0.082163	0.000380	-0.258237
0.558383	47	67	0.082163	0.000363	-0.260443
0.558383	48	63	0.082163	0.000348	-0.262622
0.558383	49	71	0.082163	0.000334	-0.264773
0.558383	50	72	0.082163	0.000320	-0.266897
0.558383	51	62	0.082163	0.000307	-0.268996
0.558383	52	53	0.082163	0.000295	-0.271070
0.558383	53	85	0.082163	0.000284	-0.273121
0.558383	54	70	0.082163	0.000273	-0.275148
0.558383	55	59	0.082163	0.000263	-0.277152
0.558383	56	59	0.082163	0.000253	-0.279135
0.558383	57	59	0.082163	0.000244	-0.281096
0.558383	58	65	0.082163	0.000236	-0.283037
0.558383	59	43	0.082163	0.000228	-0.284958
0.558383	60	53	0.082163	0.000220	-0.286859
0.558383	61	50	0.082163	0.000213	-0.288741
0.558383	62	52	0.082163	0.000206	-0.290604
0.558383	63	41	0.082163	0.000199	-0.292449
0.558383	64	46	0.082163	0.000193	-0.294277
0.558383	65	40	0.082163	0.000187	-0.296087
0.558383	66	35	0.082163	0.000181	-0.297881
0.558383	67	53	0.082163	0.000175	-0.299658
0.558383	68	40	0.082163	0.000170	-0.301420
0.558383	69	47	0.082163	0.000165	-0.303166
0.558383	70	49	0.082163	0.000160	-0.304896
0.558383	71	35	0.082163	0.000156	-0.306612
0.558383	72	42	0.082163	0.000151	-0.308313
0.558383	73	41	0.082163	0.000147	-0.310000
0.558383	74	30	0.082163	0.000143	-0.311673
0.558383	75	26	0.082163	0.000139	-0.313333
0.558383	76	41	0.082163	0.000135	-0.314979
0.558383	77	40	0.082163	0.000132	-0.316612
0.558383	78	42	0.082163	0.000128	-0.318232
0.558383	79	27	0.082163	0.000125	-0.319840
0.558383	80	26	0.082163	0.000122	-0.321435
0.558383	81	26	0.082163	0.000119	-0.323019
0.558383	82	39	0.082163	0.000116	-0.324591
0.558383	83	28	0.082163	0.000113	-0.326151
0.558383	84	26	0.082163	0.000110	-0.327700
0.558383	85	37	0.082163	0.000107	-0.329238
0.558383	86	30	0.082163	0.000105	-0.330765
0.558383	87	32	0.082163	0.000102	-0.332281
0.558383	88	27	0.082163	0.000100	-0.333786
0.558383	89	21	0.082163	0.000098	-0.335282
0.558383	90	31	0.082163	0.000096	-0.336767
0.558383	91	29	0.082163	0.000093	-0.338242
0.558383	92	19	0.082163	0.000091	-0.339708
0.558383	93	25	0.082163	0.000089	-0.341164
0.558383	94	29	0.082163	0.000087	-0.342611
0.558383	95	25	0.082163	0.000085	-0.344048
0.558383	96	20	0.082163	0.000084	-0.345476
0.558383	97	25	0.082163	0.000082	-0.346895
0.558383	98	26	0.082163	0.000080	-0.348306
0.558383	99	30	0.082163	0.000079	-0.349707
0.558383	100	22	0.082163	0.000077	-0.351100
0.558383	101	25	0.082163	0.000075	-0.352485
0.558383	102	24	0.082163	0.000074	-0.353862
0.558383	103	22	0.082163	0.000072	-0.355230
0.558383	104	20	0.082163	0.000071	-0.356590
0.558383	105	12	0.082163	0.000070	-0.357943
0.558383	106	24	0.082163	0.000068	-0.359288
0.558383	107	21	0.082163	0.000067	-0.360625
0.558383	108	27	0.082163	0.000066	-0.361954
0.558383	109	21	0.082163	0.000064	-0.363276
0.558383	110	22	0.082163	0.000063	-0.364591
0.558383	111	25	0.082163	0.000062	-0.365899
0.558383	112	23	0.082163	0.000061	-0.367199
0.558383	113	14	0.082163	0.000060	-0.368493
0.558383	114	22	0.082163	0.000059	-0.369780
0.558383	115	15	0.082163	0.000058	-0.371059
0.558383	116	16	0.082163	0.000057	-0.372332
0.558383	117	11	0.082163	0.000056	-0.373599
0.558383	118	14	0.082163	0.000055	-0.374859
0.558383	119	18	0.082163	0.000054	-0.376112
0.558383	120	16	0.082163	0.000053	-0.377360
0.558383	121	13	0.082163	0.000052	-0.378601
0.558383	122	17	0.082163	0.000051	-0.379835
0.558383	123	10	0.082163	0.000050	-0.381064
0.558383	124	15	0.082163	0.000049	-0.382286
0.558383	125	13	0.082163	0.000049	-0.383503
0.558383	126	10	0.082163	0.000048	-0.384714
0.558383	127	14	0.082163	0.000047	-0.385919
0.558383	128	15	0.082163	0.000046	-0.387118
0.558383	129	10	0.082163	0.000046	-0.388312
0.558383	130	22	0.082163	0.000045	-0.389500
0.558383	131	19	0.082163	0.000044	-0.390682
0.558383	132	25	0.082163	0.000043	-0.391859
0.558383	133	11	0.082163	0.000043	-0.393031
0.558383	134	12	0.082163	0.000042	-0.394198
0.558383	135	13	0.082163	0.000041	-0.395359
0.558383	136	15	0.082163	0.000041	-0.396515
0.558383	137	13	0.082163	0.000040	-0.397666
0.558383	138	10	0.082163	0.000040	-0.398811
0.558383	139	9	0.082163	0.000039	-0.399952
0.558383	140	13	0.082163	0.000038	-0.401088
0.558383	141	11	0.082163	0.000038	-0.402219
0.558383	142	6	0.082163	0.000037	-0.403345
0.558383	143	11	0.082163	0.000037	-0.404466
0.558383	144	13	0.082163	0.000036	-0.405583
0.558383	145	12	0.082163	0.000036	-0.406695
0.558383	146	17	0.082163	0.000035	-0.407802
0.558383	147	13	0.082163	0.000035	-0.408905
0.558383	148	14	0.082163	0.000034	-0.410003
0.558383	149	8	0.082163	0.000034	-0.411097
0.558383	150	14	0.082163	0.000033	-0.412186
0.558383	151	9	0.082163	0.000033	-0.413271
0.558383	152	6	0.082163	0.000033	-0.414351
0.558383	153	13	0.082163	0.000032	-0.415428
0.558383	154	8	0.082163	0.000032	-0.416500
0.558383	155	6	0.082163	0.000031	-0.417567
0.558383	156	10	0.082163	0.000031	-0.418631
0.558383	157	6	0.082163	0.000030	-0.419691
0.558383	158	5	0.082163	0.000030	-0.420746
0.558383	159	8	0.082163	0.000030	-0.421798
0.558383	160	9	0.082163	0.000029	-0.422845
0.558383	161	9	0.082163	0.000029	-0.423888
0.558383	162	10	0.082163	0.000029	-0.424928
0.558383	163	13	0.082163	0.000028	-0.425964
0.558383	164	7	0.082163	0.000028	-0.426996
0.558383	165	11	0.082163	0.000027	-0.428024
0.558383	166	8	0.082163	0.000027	-0.429048
0.558383	167	6	0.082163	0.000027	-0.430069
0.558383	168	5	0.082163	0.000026	-0.431086
0.558383	169	6	0.082163	0.000026	-0.432099
0.558383	170	10	0.082163	0.000026	-0.433109
0.558383	171	5	0.082163	0.000026	-0.434115
0.558383	172	7	0.082163	0.000025	-0.435117
0.558383	173	8	0.082163	0.000025	-0.436116
0.558383	174	7	0.082163	0.000025	-0.437112
0.558383	175	2	0.082163	0.000024	-0.438104
0.558383	176	12	0.082163	0.000024	-0.439093
0.558383	177	5	0.082163	0.000024	-0.440078
0.558383	178	7	0.082163	0.000023	-0.441060
0.558383	179	8	0.082163	0.000023	-0.442038
0.558383	180	10	0.082163	0.000023	-0.443014
0.558383	181	11	0.082163	0.000023	-0.443986
0.558383	182	8	0.082163	0.000022	-0.444954
0.558383	183	7	0.082163	0.000022	-0.445920
0.558383	184	9	0.082163	0.000022	-0.446882
0.558383	185	10	0.082163	0.000022	-0.447842
0.558383	186	10	0.082163	0.000021	-0.448798
0.558383	187	5	0.082163	0.000021	-0.449751
0.558383	188	2	0.082163	0.000021	-0.450701
0.558383	189	4	0.082163	0.000021	-0.451647
0.558383	190	10	0.082163	0.000021	-0.452591
0.558383	191	7	0.082163	0.000020	-0.453532
0.558383	192	7	0.082163	0.000020	-0.454470
0.558383	193	8	0.082163	0.000020	-0.455405
0.558383	194	9	0.082163	0.000020	-0.456337
0.558383	195	11	0.082163	0.000019	-0.457266
0.558383	196	7	0.082163	0.000019	-0.458192
0.558383	197	7	0.082163	0.000019	-0.459116
0.558383	198	6	0.082163	0.000019	-0.460036
0.558383	199	4	0.082163	0.000019	-0.460954
0.558383	200	9	0.082163	0.000018	-0.461869
0.558383	201	8	0.082163	0.000018	-0.462781
0.558383	202	7	0.082163	0.000018	-0.463691
0.558383	203	3	0.082163	0.000018	-0.464597
0.558383	204	9	0.082163	0.000018	-0.465501
0.558383	205	5	0.082163	0.000018	-0.466403
0.558383	206	10	0.082163	0.000017	-0.467302
0.558383	207	7	0.082163	0.000017	-0.468198
0.558383	208	3	0.082163	0.000017	-0.469091
0.558383	209	9	0.082163	0.000017	-0.469982
0.558383	210	7	0.082163	0.000017	-0.470870
0.558383	211	3	0.082163	0.000017	-0.471756
0.558383	212	3	0.082163	0.000016	-0.472639
0.558383	213	10	0.082163	0.000016	-0.473520
0.558383	214	8	0.082163	0.000016	-0.474398
0.558383	215	7	0.082163	0.000016	-0.475274
0.558383	216	5	0.082163	0.000016	-0.476147
0.558383	217	8	0.082163	0.000016	-0.477018
0.558383	218	6	0.082163	0.000015	-0.477886
0.558383	219	8	0.082163	0.000015	-0.478752
0.558383	220	6	0.082163	0.000015	-0.479616
0.558383	221	9	0.082163	0.000015	-0.480477
0.558383	222	5	0.082163	0.000015	-0.481336
0.558383	223	6	0.082163	0.000015	-0.482193
0.558383	224	2	0.082163	0.000015	-0.483047
0.558383	225	4	0.082163	0.000015	-0.483899
0.558383	226	4	0.082163	0.000014	-0.484749
0.558383	227	3	0.082163	0.000014	-0.485596
0.558383	228	7	0.082163	0.000014	-0.486441
0.558383	229	7	0.082163	0.000014	-0.487284
0.558383	230	5	0.082163	0.000014	-0.488125
0.558383	231	3	0.082163	0.000014	-0.488963
0.558383	232	2	0.082163	0.000014	-0.489800
0.558383	233	4	0.082163	0.000014	-0.490634
0.558383	234	4	0.082163	0.000013	-0.491466
0.558383	235	6	0.082163	0.000013	-0.492295
0.558383	236	5	0.082163	0.000013	-0.493123
0.558383	237	5	0.082163	0.000013	-0.493949
0.558383	238	5	0.082163	0.000013	-0.494772
0.558383	239	5	0.082163	0.000013	-0.495593
0.558383	240	3	0.082163	0.000013	-0.496413
0.558383	241	9	0.082163	0.000013	-0.497230
0.558383	242	7	0.082163	0.000012	-0.498045
0.558383	243	6	0.082163	0.000012	-0.498858
0.558383	244	4	0.082163	0.000012	-0.499669
0.558383	245	4	0.082163	0.000012	-0.500478
0.558383	246	5	0.082163	0.000012	-0.501286
0.558383	247	4	0.082163	0.000012	-0.502091
0.558383	248	6	0.082163	0.000012	-0.502894
0.558383	249	3	0.082163	0.000012	-0.503695
0.558383	250	6	0.082163	0.000012	-0.504494
0.558383	251	1	0.082163	0.000012	-0.505292
0.558383	252	5	0.082163	0.000011	-0.506087
0.558383	253	5	0.082163	0.000011	-0.506881
0.558383	254	2	0.082163	0.000011	-0.507672
0.558383	255	3	0.082163	0.000011	-0.508462
0.558383	256	8	0.082163	0.000011	-0.509250
0.558383	257	8	0.082163	0.000011	-0.510036
0.558383	258	7	0.082163	0.000011	-0.510820
0.558383	259	1	0.082163	0.000011	-0.511603
0.558383	260	3	0.082163	0.000011	-0.512383
0.558383	261	2	0.082163	0.000011	-0.513162
0.558383	262	3	0.082163	0.000011	-0.513939
0.558383	263	3	0.082163	0.000011	-0.514714
0.558383	264	3	0.082163	0.000010	-0.515487
0.558383	265	7	0.082163	0.000010	-0.516259
0.558383	266	6	0.082163	0.000010	-0.517029
0.558383	267	3	0.082163	0.000010	-0.517797
0.558383	268	6	0.082163	0.000010	-0.518563
0.558383	269	5	0.082163	0.000010	-0.519327
0.558383	270	3	0.082163	0.000010	-0.520090
0.558383	271	8	0.082163	0.000010	-0.520852
0.558383	272	3	0.082163	0.000010	-0.521611
0.558383	273	2	0.082163	0.000010	-0.522369
0.558383	274	5	0.082163	0.000010	-0.523125
0.558383	275	5	0.082163	0.000010	-0.523879
0.558383	276	1	0.082163	0.000010	-0.524632
0.558383	277	2	0.082163	0.000009	-0.525383
0.558383	278	0	0.082163	0.000009	-0.526133
0.558383	279	1	0.082163	0.000009	-0.526881
0.558383	280	4	0.082163	0.000009	-0.527627
0.558383	281	5	0.082163	0.000009	-0.528372
0.558383	282	0	0.082163	0.000009	-0.529115
0.558383	283	2	0.082163	0.000009	-0.529856
0.558383	284	3	0.082163	0.000009	-0.530596
0.558383	285	3	0.082163	0.000009	-0.531334
0.558383	286	1	0.082163	0.000009	-0.532071
0.558383	287	2	0.082163	0.000009	-0.532806
0.558383	288	3	0.082163	0.000009	-0.533540
0.558383	289	2	0.082163	0.000009	-0.534272
0.558383	290	2	0.082163	0.000009	-0.535003
0.558383	291	4	0.082163	0.000009	-0.535732
0.558383	292	4	0.082163	0.000008	-0.536459
0.558383	293	5	0.082163	0.000008	-0.537185
0.558383	294	3	0.082163	0.000008	-0.537910
0.558383	295	6	0.082163	0.000008	-0.538633
0.558383	296	5	0.082163	0.000008	-0.539355
0.558383	297	2	0.082163	0.000008	-0.540075
0.558383	298	6	0.082163	0.000008	-0.540793
0.558383	299	2	0.082163	0.000008	-0.541510
0.558383	300	6	0.082163	0.000008	-0.542226
0.558383	301	3	0.082163	0.000008	-0.542940
0.558383	302	3	0.082163	0.000008	-0.543653
0.558383	303	1	0.082163	0.000008	-0.544365
0.558383	304	2	0.082163	0.000008	-0.545075
0.558383	305	3	0.082163	0.000008	-0.545783
0.558383	306	4	0.082163	0.000008	-0.546491
0.558383	307	6	0.082163	0.000008	-0.547196
0.558383	308	1	0.082163	0.000008	-0.547901
0.558383	309	3	0.082163	0.000008	-0.548604
0.558383	310	0	0.082163	0.000008	-0.549306
0.558383	311	8	0.082163	0.000007	-0.550006
0.558383	312	3	0.082163	0.000007	-0.550705
0.558383	313	3	0.082163	0.000007	-0.551402
0.558383	314	0	0.082163	0.000007	-0.552099
0.558383	315	2	0.082163	0.000007	-0.552794
0.558383	316	2	0.082163	0.000007	-0.553487
0.558383	317	3	0.082163	0.000007	-0.554179
0.558383	318	5	0.082163	0.000007	-0.554870
0.558383	319	4	0.082163	0.000007	-0.555560
0.558383	320	5	0.082163	0.000007	-0.556248
0.558383	321	2	0.082163	0.000007	-0.556935
0.558383	322	5	0.082163	0.000007	-0.557621
0.558383	323	0	0.082163	0.000007	-0.558305
0.558383	324	3	0.082163	0.000007	-0.558989
0.558383	325	0	0.082163	0.000007	-0.559670
0.558383	326	3	0.082163	0.000007	-0.560351
0.558383	327	6	0.082163	0.000007	-0.561030
0.558383	328	3	0.082163	0.000007	-0.561709
0.558383	329	4	0.082163	0.000007	-0.562385
0.558383	330	4	0.082163	0.000007	-0.563061
0.558383	331	4	0.082163	0.000007	-0.563735
0.558383	332	6	0.082163	0.000007	-0.564408
0.558383	333	4	0.082163	0.000006	-0.565080
0.558383	334	0	0.082163	0.000006	-0.565751
0.558383	335	3	0.082163	0.000006	-0.566421
0.558383	336	4	0.082163	0.000006	-0.567089
0.558383	337	0	0.082163	0.000006	-0.567756
0.558383	338	0	0.082163	0.000006	-0.568422
0.558383	339	3	0.082163	0.000006	-0.569087
0.558383	340	1	0.082163	0.000006	-0.569750
0.558383	341	0	0.082163	0.000006	-0.570412
0.558383	342	0	0.082163	0.000006	-0.571074
0.558383	343	6	0.082163	0.000006	-0.571734
0.558383	344	4	0.082163	0.000006	-0.572392
0.558383	345	5	0.082163	0.000006	-0.573050
0.558383	346	1	0.082163	0.000006	-0.573707
0.558383	347	4	0.082163	0.000006	-0.574362
0.558383	348	2	0.082163	0.000006	-0.575016
0.558383	349	3	0.082163	0.000006	-0.575669
0.558383	350	2	0.082163	0.000006	-0.576321
0.558383	351	1	0.082163	0.000006	-0.576972
0.558383	352	1	0.082163	0.000006	-0.577622
0.558383	353	1	0.082163	0.000006	-0.578270
0.558383	354	4	0.082163	0.000006	-0.578918
0.558383	355	1	0.082163	0.000006	-0.579564
0.558383	356	3	0.082163	0.000006	-0.580210
0.558383	357	5	0.082163	0.000006	-0.580854
0.558383	358	4	0.082163	0.000006	-0.581497
0.558383	359	3	0.082163	0.000006	-0.582139
0.558383	360	1	0.082163	0.000006	-0.582780
0.558383	361	3	0.082163	0.000005	-0.583420
0.558383	362	1	0.082163	0.000005	-0.584059
0.558383	363	1	0.082163	0.000005	-0.584696
0.558383	364	2	0.082163	0.000005	-0.585333
0.558383	365	3	0.082163	0.000005	-0.585969
0.558383	366	3	0.082163	0.000005	-0.586603
0.558383	367	1	0.082163	0.000005	-0.587237
0.558383	368	0	0.082163	0.000005	-0.587869
0.558383	369	2	0.082163	0.000005	-0.588501
0.558383	370	4	0.082163	0.000005	-0.589131
0.558383	371	3	0.082163	0.000005	-0.589760
0.558383	372	4	0.082163	0.000005	-0.590389
0.558383	373	5	0.082163	0.000005	-0.591016
0.558383	374	2	0.082163	0.000005	-0.591642
0.558383	375	0	0.082163	0.000005	-0.592268
0.558383	376	0	0.082163	0.000005	-0.592892
0.558383	377	1	0.082163	0.000005	-0.593515
0.558383	378	4	0.082163	0.000005	-0.594138
0.558383	379	3	0.082163	0.000005	-0.594759
0.558383	380	2	0.082163	0.000005	-0.595379
0.558383	381	1	0.082163	0.000005	-0.595999
0.558383	382	2	0.082163	0.000005	-0.596617
0.558383	383	2	0.082163	0.000005	-0.597234
0.558383	384	0	0.082163	0.000005	-0.597851
0.558383	385	4	0.082163	0.000005	-0.598466
0.558383	386	1	0.082163	0.000005	-0.599081
0.558383	387	4	0.082163	0.000005	-0.599694
0.558383	388	2	0.082163	0.000005	-0.600307
0.558383	389	0	0.082163	0.000005	-0.600918
0.558383	390	1	0.082163	0.000005	-0.601529
0.558383	391	4	0.082163	0.000005	-0.602139
0.558383	392	0	0.082163	0.000005	-0.602747
0.558383	393	3	0.082163	0.000005	-0.603355
0.558383	394	1	0.082163	0.000005	-0.603962
0.558383	395	1	0.082163	0.000005	-0.604568
0.558383	396	2	0.082163	0.000005	-0.605173
0.558383	397	0	0.082163	0.000005	-0.605777
0.558383	398	0	0.082163	0.000004	-0.606380
0.558383	399	3	0.082163	0.000004	-0.606983
0.558383	400	1	0.082163	0.000004	-0.607584
0.558383	401	2	0.082163	0.000004	-0.608184
0.558383	402	1	0.082163	0.000004	-0.608784
0.558383	403	3	0.082163	0.000004	-0.609383
0.558383	404	2	0.082163	0.000004	-0.609980
0.558383	405	1	0.082163	0.000004	-0.610577
0.558383	406	0	0.082163	0.000004	-0.611173
0.558383	407	2	0.082163	0.000004	-0.611768
0.558383	408	2	0.082163	0.000004	-0.612362
0.558383	409	1	0.082163	0.000004	-0.612956
0.558383	410	0	0.082163	0.000004	-0.613548
0.558383	411	2	0.082163	0.000004	-0.614140
0.558383	412	2	0.082163	0.000004	-0.614730
0.558383	413	0	0.082163	0.000004	-0.615320
0.558383	414	3	0.082163	0.000004	-0.615909
0.558383	415	0	0.082163	0.000004	-0.616497
0.558383	416	1	0.082163	0.000004	-0.617084
0.558383	417	2	0.082163	0.000004	-0.617671
0.558383	418	1	0.082163	0.000004	-0.618256
0.558383	419	0	0.082163	0.000004	-0.618841
0.558383	420	4	0.082163	0.000004	-0.619425
0.558383	421	4	0.082163	0.000004	-0.620008
0.558383	422	3	0.082163	0.000004	-0.620590
0.558383	423	3	0.082163	0.000004	-0.621172
0.558383	424	2	0.082163	0.000004	-0.621752
0.558383	425	0	0.082163	0.000004	-0.622332
0.558383	426	0	0.082163	0.000004	-0.622911
0.558383	427	1	0.082163	0.000004	-0.623489
0.558383	428	0	0.082163	0.000004	-0.624066
0.558383	429	1	0.082163	0.000004	-0.624642
0.558383	430	1	0.082163	0.000004	-0.625218
0.558383	431	0	0.082163	0.000004	-0.625793
0.558383	432	2	0.082163	0.000004	-0.626367
0.558383	433	1	0.082163	0.000004	-0.626940
0.558383	434	0	0.082163	0.000004	-0.627512
0.558383	435	1	0.082163	0.000004	-0.628084
0.558383	436	3	0.082163	0.000004	-0.628655
0.558383	437	4	0.082163	0.000004	-0.629225
0.558383	438	2	0.082163	0.000004	-0.629794
0.558383	439	1	0.082163	0.000004	-0.630362
