0.425050	1	99252	0.082163	1.000000	-0.282010
0.425050	2	28671	0.082163	0.240315	-0.370981
0.425050	3	17975	0.082163	0.104367	-0.435525
0.425050	4	11982	0.082163	0.057751	-0.488022
0.425050	5	8639	0.082163	0.036494	-0.533061
0.425050	6	6604	0.082163	0.025081	-0.572929
0.425050	7	5103	0.082163	0.018266	-0.608955
0.425050	8	4150	0.082163	0.013879	-0.641988
0.425050	9	3325	0.082163	0.010892	-0.672609
0.425050	10	2771	0.082163	0.008770	-0.701236
0.425050	11	2378	0.082163	0.007209	-0.728181
0.425050	12	2001	0.082163	0.006027	-0.753683
0.425050	13	1685	0.082163	0.005112	-0.777930
0.425050	14	1501	0.082163	0.004389	-0.801074
0.425050	15	1256	0.082163	0.003809	-0.823239
0.425050	16	1040	0.082163	0.003335	-0.844528
0.425050	17	973	0.082163	0.002944	-0.865028
0.425050	18	819	0.082163	0.002618	-0.884810
0.425050	19	720	0.082163	0.002342	-0.903939
0.425050	20	648	0.082163	0.002108	-0.922469
0.425050	21	610	0.082163	0.001906	-0.940447
0.425050	22	547	0.082163	0.001732	-0.957915
0.425050	23	502	0.082163	0.001581	-0.974909
0.425050	24	409	0.082163	0.001448	-0.991462
0.425050	25	391	0.082163	0.001332	-1.007603
0.425050	26	349	0.082163	0.001229	-1.023359
0.425050	27	308	0.082163	0.001137	-1.038752
0.425050	28	290	0.082163	0.001055	-1.053805
0.425050	29	271	0.082163	0.000981	-1.068536
0.425050	30	236	0.082163	0.000915	-1.082963
0.425050	31	202	0.082163	0.000856	-1.097102
0.425050	32	204	0.082163	0.000802	-1.110968
0.425050	33	164	0.082163	0.000752	-1.124575
0.425050	34	145	0.082163	0.000708	-1.137935
0.425050	35	162	0.082163	0.000667	-1.151059
0.425050	36	137	0.082163	0.000629	-1.163959
0.425050	37	124	0.082163	0.000595	-1.176644
0.425050	38	126	0.082163	0.000563	-1.189123
0.425050	39	121	0.082163	0.000534	-1.201405
0.425050	40	95	0.082163	0.000506	-1.213499
0.425050	41	87	0.082163	0.000481	-1.225411
0.425050	42	91	0.082163	0.000458	-1.237148
0.425050	43	90	0.082163	0.000436	-1.248718
0.425050	44	78	0.082163	0.000416	-1.260127
0.425050	45	62	0.082163	0.000398	-1.271380
0.425050	46	70	0.082163	0.000380	-1.282482
0.425050	47	68	0.082163	0.000363	-1.293440
0.425050	48	38	0.082163	0.000348	-1.304258
0.425050	49	47	0.082163	0.000334	-1.314940
0.425050	50	46	0.082163	0.000320	-1.325491
0.425050	51	35	0.082163	0.000307	-1.335916
0.425050	52	45	0.082163	0.000295	-1.346218
0.425050	53	27	0.082163	0.000284	-1.356400
0.425050	54	35	0.082163	0.000273	-1.366468
0.425050	55	30	0.082163	0.000263	-1.376423
0.425050	56	31	0.082163	0.000253	-1.386269
0.425050	57	28	0.082163	0.000244	-1.396010
0.425050	58	19	0.082163	0.000236	-1.405648
0.425050	59	17	0.082163	0.000228	-1.415186
0.425050	60	19	0.082163	0.000220	-1.424626
0.425050	61	17	0.082163	0.000213	-1.433973
0.425050	62	20	0.082163	0.000206	-1.443227
0.425050	63	13	0.082163	0.000199	-1.452391
0.425050	64	13	0.082163	0.000193	-1.461467
0.425050	65	19	0.082163	0.000187	-1.470459
0.425050	66	13	0.082163	0.000181	-1.479367
0.425050	67	16	0.082163	0.000175	-1.488194
0.425050	68	12	0.082163	0.000170	-1.496942
0.425050	69	11	0.082163	0.000165	-1.505612
0.425050	70	7	0.082163	0.000160	-1.514207
0.425050	71	19	0.082163	0.000156	-1.522727
0.425050	72	12	0.082163	0.000151	-1.531176
0.425050	73	9	0.082163	0.000147	-1.539554
0.425050	74	10	0.082163	0.000143	-1.547863
0.425050	75	4	0.082163	0.000139	-1.556104
0.425050	76	9	0.082163	0.000135	-1.564279
0.425050	77	6	0.082163	0.000132	-1.572389
0.425050	78	8	0.082163	0.000128	-1.580436
0.425050	79	6	0.082163	0.000125	-1.588421
0.425050	80	5	0.082163	0.000122	-1.596345
0.425050	81	3	0.082163	0.000119	-1.604209
0.425050	82	4	0.082163	0.000116	-1.612015
0.425050	83	11	0.082163	0.000113	-1.619764
0.425050	84	1	0.082163	0.000110	-1.627456
0.425050	85	6	0.082163	0.000107	-1.635093
0.425050	86	3	0.082163	0.000105	-1.642676
0.425050	87	1	0.082163	0.000102	-1.650206
0.425050	88	4	0.082163	0.000100	-1.657684
0.425050	89	1	0.082163	0.000098	-1.665110
0.425050	90	3	0.082163	0.000096	-1.672487
0.425050	91	4	0.082163	0.000093	-1.679814
0.425050	92	1	0.082163	0.000091	-1.687092
0.425050	93	2	0.082163	0.000089	-1.694323
0.425050	94	0	0.082163	0.000087	-1.701507
0.425050	95	5	0.082163	0.000085	-1.708645
0.425050	96	4	0.082163	0.000084	-1.715738
0.425050	97	0	0.082163	0.000082	-1.722786
0.425050	98	0	0.082163	0.000080	-1.729790
0.425050	99	3	0.082163	0.000079	-1.736751
0.425050	100	3	0.082163	0.000077	-1.743670
0.425050	101	0	0.082163	0.000075	-1.750547
0.425050	102	0	0.082163	0.000074	-1.757384
0.425050	103	1	0.082163	0.000072	-1.764179
0.425050	104	1	0.082163	0.000071	-1.770935
0.425050	105	0	0.082163	0.000070	-1.777652
0.425050	106	0	0.082163	0.000068	-1.784331
0.425050	107	0	0.082163	0.000067	-1.790971
0.425050	108	0	0.082163	0.000066	-1.797574
0.425050	109	1	0.082163	0.000064	-1.804140
0.425050	110	3	0.082163	0.000063	-1.810670
0.425050	111	0	0.082163	0.000062	-1.817164
0.425050	112	2	0.082163	0.000061	-1.823623
0.425050	113	0	0.082163	0.000060	-1.830047
0.425050	114	0	0.082163	0.000059	-1.836436
0.425050	115	1	0.082163	0.000058	-1.842792
0.425050	116	0	0.082163	0.000057	-1.849115
0.425050	117	0	0.082163	0.000056	-1.855405
0.425050	118	0	0.082163	0.000055	-1.861662
0.425050	119	0	0.082163	0.000054	-1.867888
0.425050	120	1	0.082163	0.000053	-1.874081
0.425050	121	0	0.082163	0.000052	-1.880244
0.425050	122	1	0.082163	0.000051	-1.886376
0.425050	123	0	0.082163	0.000050	-1.892478
0.425050	124	0	0.082163	0.000049	-1.898550
0.425050	125	0	0.082163	0.000049	-1.904592
0.425050	126	1	0.082163	0.000048	-1.910605
0.425050	127	0	0.082163	0.000047	-1.916589
0.425050	128	1	0.082163	0.000046	-1.922545
0.425050	129	0	0.082163	0.000046	-1.928473
0.425050	130	0	0.082163	0.000045	-1.934374
0.425050	131	1	0.082163	0.000044	-1.940246
0.425050	132	0	0.082163	0.000043	-1.946092
0.425050	133	0	0.082163	0.000043	-1.951911
0.425050	134	0	0.082163	0.000042	-1.957704
0.425050	135	0	0.082163	0.000041	-1.963471
0.425050	136	0	0.082163	0.000041	-1.969211
0.425050	137	0	0.082163	0.000040	-1.974927
0.425050	138	0	0.082163	0.000040	-1.980617
0.425050	139	1	0.082163	0.000039	-1.986282
0.425050	140	0	0.082163	0.000038	-1.991923
0.425050	141	0	0.082163	0.000038	-1.997540
0.425050	142	0	0.082163	0.000037	-2.003132
0.425050	143	0	0.082163	0.000037	-2.008701
0.425050	144	0	0.082163	0.000036	-2.014246
0.425050	145	0	0.082163	0.000036	-2.019768
0.425050	146	0	0.082163	0.000035	-2.025267
0.425050	147	0	0.082163	0.000035	-2.030744
0.425050	148	0	0.082163	0.000034	-2.036197
0.425050	149	0	0.082163	0.000034	-2.041629
0.425050	150	0	0.082163	0.000033	-2.047039
0.425050	151	0	0.082163	0.000033	-2.052427
0.425050	152	0	0.082163	0.000033	-2.057793
0.425050	153	0	0.082163	0.000032	-2.063138
0.425050	154	0	0.082163	0.000032	-2.068462
0.425050	155	0	0.082163	0.000031	-2.073765
0.425050	156	0	0.082163	0.000031	-2.079048
0.425050	157	1	0.082163	0.000030	-2.084310
0.425050	158	0	0.082163	0.000030	-2.089552
0.425050	159	0	0.082163	0.000030	-2.094773
0.425050	160	0	0.082163	0.000029	-2.099975
0.425050	161	0	0.082163	0.000029	-2.105158
0.425050	162	0	0.082163	0.000029	-2.110321
0.425050	163	0	0.082163	0.000028	-2.115465
0.425050	164	0	0.082163	0.000028	-2.120589
0.425050	165	0	0.082163	0.000027	-2.125695
0.425050	166	0	0.082163	0.000027	-2.130782
0.425050	167	0	0.082163	0.000027	-2.135851
0.425050	168	0	0.082163	0.000026	-2.140902
0.425050	169	0	0.082163	0.000026	-2.145934
0.425050	170	0	0.082163	0.000026	-2.150948
0.425050	171	0	0.082163	0.000026	-2.155945
0.425050	172	0	0.082163	0.000025	-2.160924
0.425050	173	0	0.082163	0.000025	-2.165885
0.425050	174	0	0.082163	0.000025	-2.170829
0.425050	175	0	0.082163	0.000024	-2.175756
0.425050	176	1	0.082163	0.000024	-2.180666
0.425050	177	0	0.082163	0.000024	-2.185559
0.425050	178	0	0.082163	0.000023	-2.190436
0.425050	179	0	0.082163	0.000023	-2.195296
0.425050	180	0	0.082163	0.000023	-2.200139
0.425050	181	0	0.082163	0.000023	-2.204966
0.425050	182	0	0.082163	0.000022	-2.209778
0.425050	183	0	0.082163	0.000022	-2.214573
0.425050	184	0	0.082163	0.000022	-2.219352
0.425050	185	0	0.082163	0.000022	-2.224116
0.425050	186	0	0.082163	0.000021	-2.228865
0.425050	187	0	0.082163	0.000021	-2.233597
0.425050	188	0	0.082163	0.000021	-2.238315
0.425050	189	0	0.082163	0.000021	-2.243017
0.425050	190	0	0.082163	0.000021	-2.247705
0.425050	191	0	0.082163	0.000020	-2.252377
0.425050	192	0	0.082163	0.000020	-2.257035
0.425050	193	0	0.082163	0.000020	-2.261678
0.425050	194	0	0.082163	0.000020	-2.266307
0.425050	195	0	0.082163	0.000019	-2.270921
0.425050	196	0	0.082163	0.000019	-2.275521
0.425050	197	0	0.082163	0.000019	-2.280107
0.425050	198	0	0.082163	0.000019	-2.284679
0.425050	199	0	0.082163	0.000019	-2.289236
0.425050	200	0	0.082163	0.000018	-2.293780
0.425050	201	0	0.082163	0.000018	-2.298311
0.425050	202	0	0.082163	0.000018	-2.302827
0.425050	203	0	0.082163	0.000018	-2.307330
0.425050	204	0	0.082163	0.000018	-2.311820
0.425050	205	0	0.082163	0.000018	-2.316297
0.425050	206	0	0.082163	0.000017	-2.320760
0.425050	207	0	0.082163	0.000017	-2.325210
0.425050	208	0	0.082163	0.000017	-2.329647
0.425050	209	0	0.082163	0.000017	-2.334072
0.425050	210	0	0.082163	0.000017	-2.338483
0.425050	211	0	0.082163	0.000017	-2.342882
0.425050	212	0	0.082163	0.000016	-2.347269
0.425050	213	0	0.082163	0.000016	-2.351643
0.425050	214	0	0.082163	0.000016	-2.356004
0.425050	215	0	0.082163	0.000016	-2.360353
0.425050	216	0	0.082163	0.000016	-2.364690
0.425050	217	0	0.082163	0.000016	-2.369015
0.425050	218	0	0.082163	0.000015	-2.373328
0.425050	219	0	0.082163	0.000015	-2.377629
0.425050	220	0	0.082163	0.000015	-2.381918
0.425050	221	0	0.082163	0.000015	-2.386195
0.425050	222	0	0.082163	0.000015	-2.390461
0.425050	223	0	0.082163	0.000015	-2.394715
0.425050	224	0	0.082163	0.000015	-2.398957
0.425050	225	0	0.082163	0.000015	-2.403188
0.425050	226	0	0.082163	0.000014	-2.407408
0.425050	227	0	0.082163	0.000014	-2.411616
0.425050	228	0	0.082163	0.000014	-2.415813
0.425050	229	0	0.082163	0.000014	-2.419999
0.425050	230	0	0.082163	0.000014	-2.424175
0.425050	231	0	0.082163	0.000014	-2.428339
0.425050	232	0	0.082163	0.000014	-2.432492
0.425050	233	0	0.082163	0.000014	-2.436634
0.425050	234	0	0.082163	0.000013	-2.440766
0.425050	235	0	0.082163	0.000013	-2.444887
0.425050	236	0	0.082163	0.000013	-2.448997
0.425050	237	0	0.082163	0.000013	-2.453097
0.425050	238	0	0.082163	0.000013	-2.457187
0.425050	239	0	0.082163	0.000013	-2.461266
0.425050	240	0	0.082163	0.000013	-2.465335
0.425050	241	0	0.082163	0.000013	-2.469393
0.425050	242	0	0.082163	0.000012	-2.473442
0.425050	243	0	0.082163	0.000012	-2.477480
0.425050	244	0	0.082163	0.000012	-2.481508
0.425050	245	0	0.082163	0.000012	-2.485527
0.425050	246	0	0.082163	0.000012	-2.489535
0.425050	247	0	0.082163	0.000012	-2.493534
0.425050	248	0	0.082163	0.000012	-2.497523
0.425050	249	0	0.082163	0.000012	-2.501502
0.425050	250	0	0.082163	0.000012	-2.505471
0.425050	251	0	0.082163	0.000012	-2.509431
0.425050	252	0	0.082163	0.000011	-2.513381
0.425050	253	0	0.082163	0.000011	-2.517322
0.425050	254	0	0.082163	0.000011	-2.521254
0.425050	255	0	0.082163	0.000011	-2.525176
0.425050	256	0	0.082163	0.000011	-2.529089
0.425050	257	0	0.082163	0.000011	-2.532992
0.425050	258	0	0.082163	0.000011	-2.536887
0.425050	259	0	0.082163	0.000011	-2.540772
0.425050	260	0	0.082163	0.000011	-2.544649
0.425050	261	0	0.082163	0.000011	-2.548516
0.425050	262	0	0.082163	0.000011	-2.552374
0.425050	263	0	0.082163	0.000011	-2.556224
0.425050	264	0	0.082163	0.000010	-2.560064
0.425050	265	0	0.082163	0.000010	-2.563896
0.425050	266	0	0.082163	0.000010	-2.567719
0.425050	267	0	0.082163	0.000010	-2.571534
0.425050	268	0	0.082163	0.000010	-2.575339
0.425050	269	0	0.082163	0.000010	-2.579137
0.425050	270	0	0.082163	0.000010	-2.582925
0.425050	271	0	0.082163	0.000010	-2.586706
0.425050	272	0	0.082163	0.000010	-2.590477
0.425050	273	0	0.082163	0.000010	-2.594241
0.425050	274	0	0.082163	0.000010	-2.597996
0.425050	275	0	0.082163	0.000010	-2.601743
0.425050	276	0	0.082163	0.000010	-2.605481
0.425050	277	0	0.082163	0.000009	-2.609212
0.425050	278	0	0.082163	0.000009	-2.612934
0.425050	279	0	0.082163	0.000009	-2.616648
0.425050	280	0	0.082163	0.000009	-2.620355
0.425050	281	0	0.082163	0.000009	-2.624053
0.425050	282	0	0.082163	0.000009	-2.627743
0.425050	283	0	0.082163	0.000009	-2.631425
0.425050	284	0	0.082163	0.000009	-2.635100
0.425050	285	0	0.082163	0.000009	-2.638767
0.425050	286	0	0.082163	0.000009	-2.642425
0.425050	287	0	0.082163	0.000009	-2.646077
0.425050	288	0	0.082163	0.000009	-2.649720
0.425050	289	0	0.082163	0.000009	-2.653356
0.425050	290	0	0.082163	0.000009	-2.656984
0.425050	291	0	0.082163	0.000009	-2.660605
0.425050	292	0	0.082163	0.000008	-2.664218
0.425050	293	0	0.082163	0.000008	-2.667824
0.425050	294	0	0.082163	0.000008	-2.671422
0.425050	295	0	0.082163	0.000008	-2.675013
0.425050	296	0	0.082163	0.000008	-2.678597
0.425050	297	0	0.082163	0.000008	-2.682173
0.425050	298	0	0.082163	0.000008	-2.685742
0.425050	299	0	0.082163	0.000008	-2.689304
0.425050	300	0	0.082163	0.000008	-2.692858
0.425050	301	0	0.082163	0.000008	-2.696406
0.425050	302	0	0.082163	0.000008	-2.699946
0.425050	303	0	0.082163	0.000008	-2.703479
0.425050	304	0	0.082163	0.000008	-2.707005
0.425050	305	0	0.082163	0.000008	-2.710525
0.425050	306	0	0.082163	0.000008	-2.714037
0.425050	307	0	0.082163	0.000008	-2.717542
0.425050	308	0	0.082163	0.000008	-2.721041
0.425050	309	0	0.082163	0.000008	-2.724532
0.425050	310	0	0.082163	0.000008	-2.728017
0.425050	311	0	0.082163	0.000007	-2.731495
0.425050	312	0	0.082163	0.000007	-2.734966
0.425050	313	0	0.082163	0.000007	-2.738430
0.425050	314	0	0.082163	0.000007	-2.741888
0.425050	315	0	0.082163	0.000007	-2.745339
0.425050	316	0	0.082163	0.000007	-2.748784
0.425050	317	0	0.082163	0.000007	-2.752222
0.425050	318	0	0.082163	0.000007	-2.755653
0.425050	319	0	0.082163	0.000007	-2.759078
0.425050	320	0	0.082163	0.000007	-2.762496
0.425050	321	0	0.082163	0.000007	-2.765908
0.425050	322	0	0.082163	0.000007	-2.769314
0.425050	323	0	0.082163	0.000007	-2.772713
0.425050	324	0	0.082163	0.000007	-2.776105
0.425050	325	0	0.082163	0.000007	-2.779492
0.425050	326	0	0.082163	0.000007	-2.782872
0.425050	327	0	0.082163	0.000007	-2.786246
0.425050	328	0	0.082163	0.000007	-2.789614
0.425050	329	0	0.082163	0.000007	-2.792975
0.425050	330	0	0.082163	0.000007	-2.796330
0.425050	331	0	0.082163	0.000007	-2.799679
0.425050	332	0	0.082163	0.000007	-2.803022
0.425050	333	0	0.082163	0.000006	-2.806359
0.425050	334	0	0.082163	0.000006	-2.809690
0.425050	335	0	0.082163	0.000006	-2.813015
0.425050	336	0	0.082163	0.000006	-2.816334
0.425050	337	0	0.082163	0.000006	-2.819647
0.425050	338	0	0.082163	0.000006	-2.822954
0.425050	339	0	0.082163	0.000006	-2.826255
0.425050	340	0	0.082163	0.000006	-2.829550
0.425050	341	0	0.082163	0.000006	-2.832840
0.425050	342	0	0.082163	0.000006	-2.836123
0.425050	343	0	0.082163	0.000006	-2.839401
0.425050	344	0	0.082163	0.000006	-2.842673
0.425050	345	0	0.082163	0.000006	-2.845939
0.425050	346	0	0.082163	0.000006	-2.849199
0.425050	347	0	0.082163	0.000006	-2.852454
0.425050	348	0	0.082163	0.000006	-2.855703
0.425050	349	0	0.082163	0.000006	-2.858947
0.425050	350	0	0.082163	0.000006	-2.862185
0.425050	351	0	0.082163	0.000006	-2.865417
0.425050	352	0	0.082163	0.000006	-2.868644
0.425050	353	0	0.082163	0.000006	-2.871865
0.425050	354	0	0.082163	0.000006	-2.875081
0.425050	355	0	0.082163	0.000006	-2.878291
0.425050	356	0	0.082163	0.000006	-2.881496
0.425050	357	0	0.082163	0.000006	-2.884695
0.425050	358	0	0.082163	0.000006	-2.887889
0.425050	359	0	0.082163	0.000006	-2.891077
0.425050	360	0	0.082163	0.000006	-2.894260
0.425050	361	0	0.082163	0.000005	-2.897438
0.425050	362	0	0.082163	0.000005	-2.900611
0.425050	363	0	0.082163	0.000005	-2.903778
0.425050	364	0	0.082163	0.000005	-2.906940
0.425050	365	0	0.082163	0.000005	-2.910097
0.425050	366	0	0.082163	0.000005	-2.913248
0.425050	367	0	0.082163	0.000005	-2.916394
0.425050	368	0	0.082163	0.000005	-2.919535
0.425050	369	0	0.082163	0.000005	-2.922671
0.425050	370	0	0.082163	0.000005	-2.925802
0.425050	371	0	0.082163	0.000005	-2.928928
0.425050	372	0	0.082163	0.000005	-2.932048
0.425050	373	0	0.082163	0.000005	-2.935164
0.425050	374	0	0.082163	0.000005	-2.938274
0.425050	375	0	0.082163	0.000005	-2.941380
0.425050	376	0	0.082163	0.000005	-2.944480
0.425050	377	0	0.082163	0.000005	-2.947576
0.425050	378	0	0.082163	0.000005	-2.950666
0.425050	379	0	0.082163	0.000005	-2.953752
0.425050	380	0	0.082163	0.000005	-2.956833
0.425050	381	0	0.082163	0.000005	-2.959908
0.425050	382	0	0.082163	0.000005	-2.962979
0.425050	383	0	0.082163	0.000005	-2.966045
0.425050	384	0	0.082163	0.000005	-2.969107
0.425050	385	0	0.082163	0.000005	-2.972163
0.425050	386	0	0.082163	0.000005	-2.975215
0.425050	387	0	0.082163	0.000005	-2.978261
0.425050	388	0	0.082163	0.000005	-2.981303
0.425050	389	0	0.082163	0.000005	-2.984341
0.425050	390	0	0.082163	0.000005	-2.987373
0.425050	391	0	0.082163	0.000005	-2.990401
0.425050	392	0	0.082163	0.000005	-2.993425
0.425050	393	0	0.082163	0.000005	-2.996443
0.425050	394	0	0.082163	0.000005	-2.999457
0.425050	395	0	0.082163	0.000005	-3.002466
0.425050	396	0	0.082163	0.000005	-3.005471
0.425050	397	0	0.082163	0.000005	-3.008471
0.425050	398	0	0.082163	0.000004	-3.011467
0.425050	399	0	0.082163	0.000004	-3.014458
0.425050	400	0	0.082163	0.000004	-3.017444
0.425050	401	0	0.082163	0.000004	-3.020426
0.425050	402	0	0.082163	0.000004	-3.023404
0.425050	403	0	0.082163	0.000004	-3.026377
0.425050	404	0	0.082163	0.000004	-3.029346
0.425050	405	0	0.082163	0.000004	-3.032310
0.425050	406	0	0.082163	0.000004	-3.035269
0.425050	407	0	0.082163	0.000004	-3.038225
0.425050	408	0	0.082163	0.000004	-3.041176
0.425050	409	0	0.082163	0.000004	-3.044122
0.425050	410	0	0.082163	0.000004	-3.047064
0.425050	411	0	0.082163	0.000004	-3.050002
0.425050	412	0	0.082163	0.000004	-3.052936
0.425050	413	0	0.082163	0.000004	-3.055865
0.425050	414	0	0.082163	0.000004	-3.058790
0.425050	415	0	0.082163	0.000004	-3.061711
0.425050	416	0	0.082163	0.000004	-3.064627
0.425050	417	0	0.082163	0.000004	-3.067540
0.425050	418	0	0.082163	0.000004	-3.070448
0.425050	419	0	0.082163	0.000004	-3.073351
0.425050	420	0	0.082163	0.000004	-3.076251
0.425050	421	0	0.082163	0.000004	-3.079146
0.425050	422	0	0.082163	0.000004	-3.082038
0.425050	423	0	0.082163	0.000004	-3.084925
0.425050	424	0	0.082163	0.000004	-3.087808
0.425050	425	0	0.082163	0.000004	-3.090687
0.425050	426	0	0.082163	0.000004	-3.093562
0.425050	427	0	0.082163	0.000004	-3.096432
0.425050	428	0	0.082163	0.000004	-3.099299
0.425050	429	0	0.082163	0.000004	-3.102162
0.425050	430	0	0.082163	0.000004	-3.105020
0.425050	431	0	0.082163	0.000004	-3.107875
0.425050	432	0	0.082163	0.000004	-3.110726
0.425050	433	0	0.082163	0.000004	-3.113572
0.425050	434	0	0.082163	0.000004	-3.116415
0.425050	435	0	0.082163	0.000004	-3.119254
0.425050	436	0	0.082163	0.000004	-3.122088
0.425050	437	0	0.082163	0.000004	-3.124919
0.425050	438	0	0.082163	0.000004	-3.127746
0.425050	439	0	0.082163	0.000004	-3.130569
