0.618990	1	29565	0.082163	1.000000	0.045591
0.618990	2	5906	0.082163	0.240315	0.059974
0.618990	3	3433	0.082163	0.104367	0.070409
0.618990	4	2106	0.082163	0.057751	0.078895
0.618990	5	1500	0.082163	0.036494	0.086177
0.618990	6	1069	0.082163	0.025081	0.092622
0.618990	7	820	0.082163	0.018266	0.098446
0.618990	8	704	0.082163	0.013879	0.103786
0.618990	9	518	0.082163	0.010892	0.108737
0.618990	10	400	0.082163	0.008770	0.113365
0.618990	11	358	0.082163	0.007209	0.117721
0.618990	12	286	0.082163	0.006027	0.121843
0.618990	13	256	0.082163	0.005112	0.125763
0.618990	14	204	0.082163	0.004389	0.129505
0.618990	15	196	0.082163	0.003809	0.133088
0.618990	16	174	0.082163	0.003335	0.136530
0.618990	17	155	0.082163	0.002944	0.139844
0.618990	18	144	0.082163	0.002618	0.143042
0.618990	19	124	0.082163	0.002342	0.146134
0.618990	20	114	0.082163	0.002108	0.149130
0.618990	21	89	0.082163	0.001906	0.152036
0.618990	22	103	0.082163	0.001732	0.154860
0.618990	23	78	0.082163	0.001581	0.157607
0.618990	24	90	0.082163	0.001448	0.160284
0.618990	25	73	0.082163	0.001332	0.162893
0.618990	26	98	0.082163	0.001229	0.165440
0.618990	27	65	0.082163	0.001137	0.167929
0.618990	28	50	0.082163	0.001055	0.170362
0.618990	29	66	0.082163	0.000981	0.172744
0.618990	30	58	0.082163	0.000915	0.175076
0.618990	31	59	0.082163	0.000856	0.177362
0.618990	32	51	0.082163	0.000802	0.179603
0.618990	33	31	0.082163	0.000752	0.181803
0.618990	34	54	0.082163	0.000708	0.183963
0.618990	35	47	0.082163	0.000667	0.186085
0.618990	36	41	0.082163	0.000629	0.188170
0.618990	37	40	0.082163	0.000595	0.190221
0.618990	38	33	0.082163	0.000563	0.192238
0.618990	39	34	0.082163	0.000534	0.194224
0.618990	40	30	0.082163	0.000506	0.196179
0.618990	41	30	0.082163	0.000481	0.198105
0.618990	42	31	0.082163	0.000458	0.200002
0.618990	43	28	0.082163	0.000436	0.201873
0.618990	44	25	0.082163	0.000416	0.203717
0.618990	45	31	0.082163	0.000398	0.205536
0.618990	46	30	0.082163	0.000380	0.207331
0.618990	47	13	0.082163	0.000363	0.209102
0.618990	48	21	0.082163	0.000348	0.210851
0.618990	49	20	0.082163	0.000334	0.212578
0.618990	50	23	0.082163	0.000320	0.214284
0.618990	51	21	0.082163	0.000307	0.215969
0.618990	52	15	0.082163	0.000295	0.217635
0.618990	53	10	0.082163	0.000284	0.219281
0.618990	54	21	0.082163	0.000273	0.220908
0.618990	55	18	0.082163	0.000263	0.222518
0.618990	56	25	0.082163	0.000253	0.224110
0.618990	57	19	0.082163	0.000244	0.225684
0.618990	58	15	0.082163	0.000236	0.227242
0.618990	59	12	0.082163	0.000228	0.228784
0.618990	60	11	0.082163	0.000220	0.230311
0.618990	61	12	0.082163	0.000213	0.231822
0.618990	62	12	0.082163	0.000206	0.233318
0.618990	63	10	0.082163	0.000199	0.234799
0.618990	64	9	0.082163	0.000193	0.236266
0.618990	65	15	0.082163	0.000187	0.237720
0.618990	66	16	0.082163	0.000181	0.239160
0.618990	67	13	0.082163	0.000175	0.240587
0.618990	68	13	0.082163	0.000170	0.242001
0.618990	69	8	0.082163	0.000165	0.243403
0.618990	70	5	0.082163	0.000160	0.244792
0.618990	71	11	0.082163	0.000156	0.246170
0.618990	72	10	0.082163	0.000151	0.247536
0.618990	73	9	0.082163	0.000147	0.248890
0.618990	74	11	0.082163	0.000143	0.250233
0.618990	75	9	0.082163	0.000139	0.251566
0.618990	76	6	0.082163	0.000135	0.252887
0.618990	77	10	0.082163	0.000132	0.254199
0.618990	78	6	0.082163	0.000128	0.255499
0.618990	79	10	0.082163	0.000125	0.256790
0.618990	80	3	0.082163	0.000122	0.258071
0.618990	81	13	0.082163	0.000119	0.259343
0.618990	82	12	0.082163	0.000116	0.260605
0.618990	83	9	0.082163	0.000113	0.261857
0.618990	84	13	0.082163	0.000110	0.263101
0.618990	85	11	0.082163	0.000107	0.264335
0.618990	86	10	0.082163	0.000105	0.265561
0.618990	87	10	0.082163	0.000102	0.266779
0.618990	88	9	0.082163	0.000100	0.267988
0.618990	89	7	0.082163	0.000098	0.269188
0.618990	90	3	0.082163	0.000096	0.270381
0.618990	91	4	0.082163	0.000093	0.271565
0.618990	92	6	0.082163	0.000091	0.272742
0.618990	93	1	0.082163	0.000089	0.273911
0.618990	94	4	0.082163	0.000087	0.275072
0.618990	95	5	0.082163	0.000085	0.276226
0.618990	96	1	0.082163	0.000084	0.277373
0.618990	97	5	0.082163	0.000082	0.278512
0.618990	98	4	0.082163	0.000080	0.279645
0.618990	99	5	0.082163	0.000079	0.280770
0.618990	100	6	0.082163	0.000077	0.281888
0.618990	101	1	0.082163	0.000075	0.283000
0.618990	102	3	0.082163	0.000074	0.284105
0.618990	103	5	0.082163	0.000072	0.285204
0.618990	104	10	0.082163	0.000071	0.286296
0.618990	105	4	0.082163	0.000070	0.287382
0.618990	106	2	0.082163	0.000068	0.288462
0.618990	107	3	0.082163	0.000067	0.289535
0.618990	108	2	0.082163	0.000066	0.290603
0.618990	109	3	0.082163	0.000064	0.291664
0.618990	110	3	0.082163	0.000063	0.292720
0.618990	111	7	0.082163	0.000062	0.293770
0.618990	112	5	0.082163	0.000061	0.294814
0.618990	113	6	0.082163	0.000060	0.295852
0.618990	114	3	0.082163	0.000059	0.296885
0.618990	115	9	0.082163	0.000058	0.297913
0.618990	116	4	0.082163	0.000057	0.298935
0.618990	117	4	0.082163	0.000056	0.299952
0.618990	118	6	0.082163	0.000055	0.300963
0.618990	119	2	0.082163	0.000054	0.301970
0.618990	120	3	0.082163	0.000053	0.302971
0.618990	121	5	0.082163	0.000052	0.303968
0.618990	122	1	0.082163	0.000051	0.304959
0.618990	123	7	0.082163	0.000050	0.305945
0.618990	124	1	0.082163	0.000049	0.306927
0.618990	125	5	0.082163	0.000049	0.307904
0.618990	126	4	0.082163	0.000048	0.308876
0.618990	127	6	0.082163	0.000047	0.309843
0.618990	128	2	0.082163	0.000046	0.310806
0.618990	129	1	0.082163	0.000046	0.311764
0.618990	130	2	0.082163	0.000045	0.312718
0.618990	131	5	0.082163	0.000044	0.313668
0.618990	132	5	0.082163	0.000043	0.314613
0.618990	133	0	0.082163	0.000043	0.315553
0.618990	134	0	0.082163	0.000042	0.316490
0.618990	135	4	0.082163	0.000041	0.317422
0.618990	136	3	0.082163	0.000041	0.318350
0.618990	137	0	0.082163	0.000040	0.319274
0.618990	138	1	0.082163	0.000040	0.320194
0.618990	139	1	0.082163	0.000039	0.321110
0.618990	140	4	0.082163	0.000038	0.322022
0.618990	141	2	0.082163	0.000038	0.322930
0.618990	142	2	0.082163	0.000037	0.323834
0.618990	143	2	0.082163	0.000037	0.324734
0.618990	144	3	0.082163	0.000036	0.325631
0.618990	145	0	0.082163	0.000036	0.326523
0.618990	146	3	0.082163	0.000035	0.327412
0.618990	147	1	0.082163	0.000035	0.328298
0.618990	148	1	0.082163	0.000034	0.329180
0.618990	149	2	0.082163	0.000034	0.330058
0.618990	150	6	0.082163	0.000033	0.330932
0.618990	151	0	0.082163	0.000033	0.331803
0.618990	152	7	0.082163	0.000033	0.332671
0.618990	153	4	0.082163	0.000032	0.333535
0.618990	154	2	0.082163	0.000032	0.334396
0.618990	155	3	0.082163	0.000031	0.335253
0.618990	156	6	0.082163	0.000031	0.336107
0.618990	157	6	0.082163	0.000030	0.336958
0.618990	158	2	0.082163	0.000030	0.337805
0.618990	159	1	0.082163	0.000030	0.338649
0.618990	160	1	0.082163	0.000029	0.339490
0.618990	161	2	0.082163	0.000029	0.340328
0.618990	162	3	0.082163	0.000029	0.341163
0.618990	163	2	0.082163	0.000028	0.341994
0.618990	164	2	0.082163	0.000028	0.342823
0.618990	165	1	0.082163	0.000027	0.343648
0.618990	166	1	0.082163	0.000027	0.344470
0.618990	167	2	0.082163	0.000027	0.345290
0.618990	168	2	0.082163	0.000026	0.346106
0.618990	169	2	0.082163	0.000026	0.346920
0.618990	170	3	0.082163	0.000026	0.347731
0.618990	171	2	0.082163	0.000026	0.348538
0.618990	172	2	0.082163	0.000025	0.349343
0.618990	173	1	0.082163	0.000025	0.350145
0.618990	174	2	0.082163	0.000025	0.350945
0.618990	175	3	0.082163	0.000024	0.351741
0.618990	176	1	0.082163	0.000024	0.352535
0.618990	177	2	0.082163	0.000024	0.353326
0.618990	178	2	0.082163	0.000023	0.354114
0.618990	179	1	0.082163	0.000023	0.354900
0.618990	180	2	0.082163	0.000023	0.355683
0.618990	181	1	0.082163	0.000023	0.356463
0.618990	182	0	0.082163	0.000022	0.357241
0.618990	183	4	0.082163	0.000022	0.358016
0.618990	184	1	0.082163	0.000022	0.358789
0.618990	185	3	0.082163	0.000022	0.359559
0.618990	186	1	0.082163	0.000021	0.360327
0.618990	187	2	0.082163	0.000021	0.361092
0.618990	188	3	0.082163	0.000021	0.361855
0.618990	189	1	0.082163	0.000021	0.362615
0.618990	190	0	0.082163	0.000021	0.363373
0.618990	191	3	0.082163	0.000020	0.364128
0.618990	192	2	0.082163	0.000020	0.364881
0.618990	193	5	0.082163	0.000020	0.365632
0.618990	194	1	0.082163	0.000020	0.366380
0.618990	195	1	0.082163	0.000019	0.367126
0.618990	196	1	0.082163	0.000019	0.367869
0.618990	197	0	0.082163	0.000019	0.368611
0.618990	198	1	0.082163	0.000019	0.369350
0.618990	199	6	0.082163	0.000019	0.370087
0.618990	200	3	0.082163	0.000018	0.370821
0.618990	201	2	0.082163	0.000018	0.371554
0.618990	202	1	0.082163	0.000018	0.372284
0.618990	203	3	0.082163	0.000018	0.373012
0.618990	204	2	0.082163	0.000018	0.373738
0.618990	205	0	0.082163	0.000018	0.374461
0.618990	206	2	0.082163	0.000017	0.375183
0.618990	207	3	0.082163	0.000017	0.375902
0.618990	208	4	0.082163	0.000017	0.376620
0.618990	209	2	0.082163	0.000017	0.377335
0.618990	210	2	0.082163	0.000017	0.378048
0.618990	211	2	0.082163	0.000017	0.378759
0.618990	212	1	0.082163	0.000016	0.379468
0.618990	213	1	0.082163	0.000016	0.380176
0.618990	214	1	0.082163	0.000016	0.380881
0.618990	215	1	0.082163	0.000016	0.381584
0.618990	216	2	0.082163	0.000016	0.382285
0.618990	217	1	0.082163	0.000016	0.382984
0.618990	218	1	0.082163	0.000015	0.383681
0.618990	219	0	0.082163	0.000015	0.384377
0.618990	220	2	0.082163	0.000015	0.385070
0.618990	221	1	0.082163	0.000015	0.385761
0.618990	222	3	0.082163	0.000015	0.386451
0.618990	223	1	0.082163	0.000015	0.387139
0.618990	224	0	0.082163	0.000015	0.387825
0.618990	225	2	0.082163	0.000015	0.388509
0.618990	226	0	0.082163	0.000014	0.389191
0.618990	227	1	0.082163	0.000014	0.389871
0.618990	228	0	0.082163	0.000014	0.390550
0.618990	229	1	0.082163	0.000014	0.391226
0.618990	230	0	0.082163	0.000014	0.391901
0.618990	231	1	0.082163	0.000014	0.392575
0.618990	232	0	0.082163	0.000014	0.393246
0.618990	233	0	0.082163	0.000014	0.393916
0.618990	234	2	0.082163	0.000013	0.394584
0.618990	235	1	0.082163	0.000013	0.395250
0.618990	236	0	0.082163	0.000013	0.395914
0.618990	237	0	0.082163	0.000013	0.396577
0.618990	238	1	0.082163	0.000013	0.397238
0.618990	239	1	0.082163	0.000013	0.397898
0.618990	240	1	0.082163	0.000013	0.398556
0.618990	241	1	0.082163	0.000013	0.399212
0.618990	242	2	0.082163	0.000012	0.399866
0.618990	243	1	0.082163	0.000012	0.400519
0.618990	244	2	0.082163	0.000012	0.401170
0.618990	245	1	0.082163	0.000012	0.401820
0.618990	246	2	0.082163	0.000012	0.402468
0.618990	247	1	0.082163	0.000012	0.403114
0.618990	248	0	0.082163	0.000012	0.403759
0.618990	249	2	0.082163	0.000012	0.404402
0.618990	250	1	0.082163	0.000012	0.405044
0.618990	251	0	0.082163	0.000012	0.405684
0.618990	252	2	0.082163	0.000011	0.406323
0.618990	253	1	0.082163	0.000011	0.406960
0.618990	254	2	0.082163	0.000011	0.407596
0.618990	255	1	0.082163	0.000011	0.408230
0.618990	256	1	0.082163	0.000011	0.408862
0.618990	257	2	0.082163	0.000011	0.409493
0.618990	258	0	0.082163	0.000011	0.410123
0.618990	259	1	0.082163	0.000011	0.410751
0.618990	260	0	0.082163	0.000011	0.411378
0.618990	261	1	0.082163	0.000011	0.412003
0.618990	262	1	0.082163	0.000011	0.412627
0.618990	263	1	0.082163	0.000011	0.413249
0.618990	264	0	0.082163	0.000010	0.413870
0.618990	265	1	0.082163	0.000010	0.414489
0.618990	266	0	0.082163	0.000010	0.415107
0.618990	267	2	0.082163	0.000010	0.415724
0.618990	268	0	0.082163	0.000010	0.416339
0.618990	269	0	0.082163	0.000010	0.416953
0.618990	270	1	0.082163	0.000010	0.417566
0.618990	271	0	0.082163	0.000010	0.418177
0.618990	272	1	0.082163	0.000010	0.418787
0.618990	273	0	0.082163	0.000010	0.419395
0.618990	274	0	0.082163	0.000010	0.420002
0.618990	275	0	0.082163	0.000010	0.420608
0.618990	276	1	0.082163	0.000010	0.421212
0.618990	277	0	0.082163	0.000009	0.421815
0.618990	278	1	0.082163	0.000009	0.422417
0.618990	279	1	0.082163	0.000009	0.423017
0.618990	280	0	0.082163	0.000009	0.423617
0.618990	281	1	0.082163	0.000009	0.424214
0.618990	282	2	0.082163	0.000009	0.424811
0.618990	283	2	0.082163	0.000009	0.425406
0.618990	284	0	0.082163	0.000009	0.426000
0.618990	285	0	0.082163	0.000009	0.426593
0.618990	286	1	0.082163	0.000009	0.427185
0.618990	287	1	0.082163	0.000009	0.427775
0.618990	288	3	0.082163	0.000009	0.428364
0.618990	289	0	0.082163	0.000009	0.428952
0.618990	290	1	0.082163	0.000009	0.429538
0.618990	291	2	0.082163	0.000009	0.430124
0.618990	292	0	0.082163	0.000008	0.430708
0.618990	293	0	0.082163	0.000008	0.431291
0.618990	294	0	0.082163	0.000008	0.431872
0.618990	295	0	0.082163	0.000008	0.432453
0.618990	296	0	0.082163	0.000008	0.433032
0.618990	297	2	0.082163	0.000008	0.433610
0.618990	298	0	0.082163	0.000008	0.434187
0.618990	299	0	0.082163	0.000008	0.434763
0.618990	300	1	0.082163	0.000008	0.435338
0.618990	301	1	0.082163	0.000008	0.435911
0.618990	302	0	0.082163	0.000008	0.436484
0.618990	303	0	0.082163	0.000008	0.437055
0.618990	304	1	0.082163	0.000008	0.437625
0.618990	305	0	0.082163	0.000008	0.438194
0.618990	306	2	0.082163	0.000008	0.438762
0.618990	307	0	0.082163	0.000008	0.439328
0.618990	308	0	0.082163	0.000008	0.439894
0.618990	309	0	0.082163	0.000008	0.440458
0.618990	310	0	0.082163	0.000008	0.441022
0.618990	311	1	0.082163	0.000007	0.441584
0.618990	312	1	0.082163	0.000007	0.442145
0.618990	313	2	0.082163	0.000007	0.442705
0.618990	314	0	0.082163	0.000007	0.443264
0.618990	315	0	0.082163	0.000007	0.443822
0.618990	316	0	0.082163	0.000007	0.444379
0.618990	317	0	0.082163	0.000007	0.444935
0.618990	318	0	0.082163	0.000007	0.445489
0.618990	319	2	0.082163	0.000007	0.446043
0.618990	320	0	0.082163	0.000007	0.446596
0.618990	321	2	0.082163	0.000007	0.447147
0.618990	322	0	0.082163	0.000007	0.447698
0.618990	323	1	0.082163	0.000007	0.448247
0.618990	324	0	0.082163	0.000007	0.448796
0.618990	325	0	0.082163	0.000007	0.449343
0.618990	326	0	0.082163	0.000007	0.449890
0.618990	327	0	0.082163	0.000007	0.450435
0.618990	328	0	0.082163	0.000007	0.450980
0.618990	329	0	0.082163	0.000007	0.451523
0.618990	330	0	0.082163	0.000007	0.452066
0.618990	331	0	0.082163	0.000007	0.452607
0.618990	332	0	0.082163	0.000007	0.453147
0.618990	333	0	0.082163	0.000006	0.453687
0.618990	334	1	0.082163	0.000006	0.454225
0.618990	335	1	0.082163	0.000006	0.454763
0.618990	336	0	0.082163	0.000006	0.455299
0.618990	337	3	0.082163	0.000006	0.455835
0.618990	338	1	0.082163	0.000006	0.456370
0.618990	339	0	0.082163	0.000006	0.456903
0.618990	340	1	0.082163	0.000006	0.457436
0.618990	341	1	0.082163	0.000006	0.457968
0.618990	342	2	0.082163	0.000006	0.458499
0.618990	343	0	0.082163	0.000006	0.459028
0.618990	344	1	0.082163	0.000006	0.459557
0.618990	345	0	0.082163	0.000006	0.460085
0.618990	346	1	0.082163	0.000006	0.460613
0.618990	347	1	0.082163	0.000006	0.461139
0.618990	348	1	0.082163	0.000006	0.461664
0.618990	349	0	0.082163	0.000006	0.462188
0.618990	350	1	0.082163	0.000006	0.462712
0.618990	351	0	0.082163	0.000006	0.463234
0.618990	352	0	0.082163	0.000006	0.463756
0.618990	353	0	0.082163	0.000006	0.464277
0.618990	354	0	0.082163	0.000006	0.464797
0.618990	355	0	0.082163	0.000006	0.465316
0.618990	356	0	0.082163	0.000006	0.465834
0.618990	357	0	0.082163	0.000006	0.466351
0.618990	358	1	0.082163	0.000006	0.466867
0.618990	359	2	0.082163	0.000006	0.467383
0.618990	360	0	0.082163	0.000006	0.467897
0.618990	361	0	0.082163	0.000005	0.468411
0.618990	362	0	0.082163	0.000005	0.468924
0.618990	363	0	0.082163	0.000005	0.469436
0.618990	364	0	0.082163	0.000005	0.469947
0.618990	365	0	0.082163	0.000005	0.470457
0.618990	366	0	0.082163	0.000005	0.470967
0.618990	367	0	0.082163	0.000005	0.471476
0.618990	368	0	0.082163	0.000005	0.471983
0.618990	369	0	0.082163	0.000005	0.472490
0.618990	370	1	0.082163	0.000005	0.472996
0.618990	371	1	0.082163	0.000005	0.473502
0.618990	372	0	0.082163	0.000005	0.474006
0.618990	373	1	0.082163	0.000005	0.474510
0.618990	374	0	0.082163	0.000005	0.475013
0.618990	375	0	0.082163	0.000005	0.475515
0.618990	376	0	0.082163	0.000005	0.476016
0.618990	377	0	0.082163	0.000005	0.476516
0.618990	378	0	0.082163	0.000005	0.477016
0.618990	379	1	0.082163	0.000005	0.477515
0.618990	380	0	0.082163	0.000005	0.478013
0.618990	381	1	0.082163	0.000005	0.478510
0.618990	382	1	0.082163	0.000005	0.479007
0.618990	383	0	0.082163	0.000005	0.479502
0.618990	384	1	0.082163	0.000005	0.479997
0.618990	385	1	0.082163	0.000005	0.480491
0.618990	386	0	0.082163	0.000005	0.480985
0.618990	387	0	0.082163	0.000005	0.481477
0.618990	388	0	0.082163	0.000005	0.481969
0.618990	389	1	0.082163	0.000005	0.482460
0.618990	390	3	0.082163	0.000005	0.482950
0.618990	391	0	0.082163	0.000005	0.483440
0.618990	392	1	0.082163	0.000005	0.483929
0.618990	393	0	0.082163	0.000005	0.484417
0.618990	394	2	0.082163	0.000005	0.484904
0.618990	395	0	0.082163	0.000005	0.485390
0.618990	396	1	0.082163	0.000005	0.485876
0.618990	397	1	0.082163	0.000005	0.486361
0.618990	398	1	0.082163	0.000004	0.486845
0.618990	399	1	0.082163	0.000004	0.487329
0.618990	400	1	0.082163	0.000004	0.487812
0.618990	401	1	0.082163	0.000004	0.488294
0.618990	402	0	0.082163	0.000004	0.488775
0.618990	403	1	0.082163	0.000004	0.489256
0.618990	404	0	0.082163	0.000004	0.489736
0.618990	405	0	0.082163	0.000004	0.490215
0.618990	406	0	0.082163	0.000004	0.490693
0.618990	407	0	0.082163	0.000004	0.491171
0.618990	408	1	0.082163	0.000004	0.491648
0.618990	409	2	0.082163	0.000004	0.492125
0.618990	410	1	0.082163	0.000004	0.492600
0.618990	411	0	0.082163	0.000004	0.493075
0.618990	412	1	0.082163	0.000004	0.493549
0.618990	413	0	0.082163	0.000004	0.494023
0.618990	414	1	0.082163	0.000004	0.494496
0.618990	415	0	0.082163	0.000004	0.494968
0.618990	416	0	0.082163	0.000004	0.495439
0.618990	417	0	0.082163	0.000004	0.495910
0.618990	418	1	0.082163	0.000004	0.496380
0.618990	419	0	0.082163	0.000004	0.496850
0.618990	420	1	0.082163	0.000004	0.497319
0.618990	421	0	0.082163	0.000004	0.497787
0.618990	422	0	0.082163	0.000004	0.498254
0.618990	423	1	0.082163	0.000004	0.498721
0.618990	424	0	0.082163	0.000004	0.499187
0.618990	425	0	0.082163	0.000004	0.499652
0.618990	426	0	0.082163	0.000004	0.500117
0.618990	427	2	0.082163	0.000004	0.500581
0.618990	428	0	0.082163	0.000004	0.501045
0.618990	429	0	0.082163	0.000004	0.501507
0.618990	430	0	0.082163	0.000004	0.501970
0.618990	431	0	0.082163	0.000004	0.502431
0.618990	432	3	0.082163	0.000004	0.502892
0.618990	433	1	0.082163	0.000004	0.503352
0.618990	434	2	0.082163	0.000004	0.503812
0.618990	435	1	0.082163	0.000004	0.504271
0.618990	436	0	0.082163	0.000004	0.504729
0.618990	437	0	0.082163	0.000004	0.505186
0.618990	438	1	0.082163	0.000004	0.505643
0.618990	439	0	0.082163	0.000004	0.506100
