0.522041	1	59634	0.082163	1.000000	-0.118174
0.522041	2	14754	0.082163	0.240315	-0.155457
0.522041	3	9318	0.082163	0.104367	-0.182504
0.522041	4	6443	0.082163	0.057751	-0.204502
0.522041	5	4604	0.082163	0.036494	-0.223376
0.522041	6	3570	0.082163	0.025081	-0.240082
0.522041	7	2729	0.082163	0.018266	-0.255178
0.522041	8	2130	0.082163	0.013879	-0.269021
0.522041	9	1929	0.082163	0.010892	-0.281852
0.522041	10	1579	0.082163	0.008770	-0.293848
0.522041	11	1386	0.082163	0.007209	-0.305139
0.522041	12	1086	0.082163	0.006027	-0.315826
0.522041	13	1032	0.082163	0.005112	-0.325986
0.522041	14	951	0.082163	0.004389	-0.335685
0.522041	15	855	0.082163	0.003809	-0.344973
0.522041	16	795	0.082163	0.003335	-0.353894
0.522041	17	690	0.082163	0.002944	-0.362484
0.522041	18	614	0.082163	0.002618	-0.370774
0.522041	19	568	0.082163	0.002342	-0.378790
0.522041	20	525	0.082163	0.002108	-0.386554
0.522041	21	481	0.082163	0.001906	-0.394088
0.522041	22	407	0.082163	0.001732	-0.401408
0.522041	23	408	0.082163	0.001581	-0.408529
0.522041	24	361	0.082163	0.001448	-0.415465
0.522041	25	328	0.082163	0.001332	-0.422229
0.522041	26	337	0.082163	0.001229	-0.428832
0.522041	27	309	0.082163	0.001137	-0.435282
0.522041	28	279	0.082163	0.001055	-0.441590
0.522041	29	320	0.082163	0.000981	-0.447763
0.522041	30	269	0.082163	0.000915	-0.453808
0.522041	31	230	0.082163	0.000856	-0.459733
0.522041	32	241	0.082163	0.000802	-0.465544
0.522041	33	236	0.082163	0.000752	-0.471246
0.522041	34	233	0.082163	0.000708	-0.476844
0.522041	35	205	0.082163	0.000667	-0.482344
0.522041	36	192	0.082163	0.000629	-0.487749
0.522041	37	191	0.082163	0.000595	-0.493065
0.522041	38	168	0.082163	0.000563	-0.498294
0.522041	39	161	0.082163	0.000534	-0.503441
0.522041	40	158	0.082163	0.000506	-0.508508
0.522041	41	166	0.082163	0.000481	-0.513500
0.522041	42	153	0.082163	0.000458	-0.518419
0.522041	43	121	0.082163	0.000436	-0.523267
0.522041	44	136	0.082163	0.000416	-0.528048
0.522041	45	136	0.082163	0.000398	-0.532763
0.522041	46	125	0.082163	0.000380	-0.537416
0.522041	47	113	0.082163	0.000363	-0.542007
0.522041	48	115	0.082163	0.000348	-0.546540
0.522041	49	97	0.082163	0.000334	-0.551017
0.522041	50	90	0.082163	0.000320	-0.555438
0.522041	51	85	0.082163	0.000307	-0.559807
0.522041	52	119	0.082163	0.000295	-0.564123
0.522041	53	96	0.082163	0.000284	-0.568390
0.522041	54	84	0.082163	0.000273	-0.572609
0.522041	55	94	0.082163	0.000263	-0.576781
0.522041	56	104	0.082163	0.000253	-0.580907
0.522041	57	74	0.082163	0.000244	-0.584989
0.522041	58	105	0.082163	0.000236	-0.589027
0.522041	59	88	0.082163	0.000228	-0.593024
0.522041	60	66	0.082163	0.000220	-0.596980
0.522041	61	94	0.082163	0.000213	-0.600897
0.522041	62	65	0.082163	0.000206	-0.604774
0.522041	63	77	0.082163	0.000199	-0.608615
0.522041	64	70	0.082163	0.000193	-0.612418
0.522041	65	63	0.082163	0.000187	-0.616186
0.522041	66	44	0.082163	0.000181	-0.619919
0.522041	67	59	0.082163	0.000175	-0.623618
0.522041	68	64	0.082163	0.000170	-0.627283
0.522041	69	68	0.082163	0.000165	-0.630917
0.522041	70	49	0.082163	0.000160	-0.634518
0.522041	71	53	0.082163	0.000156	-0.638089
0.522041	72	61	0.082163	0.000151	-0.641629
0.522041	73	53	0.082163	0.000147	-0.645140
0.522041	74	71	0.082163	0.000143	-0.648621
0.522041	75	35	0.082163	0.000139	-0.652075
0.522041	76	48	0.082163	0.000135	-0.655501
0.522041	77	60	0.082163	0.000132	-0.658899
0.522041	78	38	0.082163	0.000128	-0.662271
0.522041	79	47	0.082163	0.000125	-0.665617
0.522041	80	36	0.082163	0.000122	-0.668938
0.522041	81	36	0.082163	0.000119	-0.672233
0.522041	82	45	0.082163	0.000116	-0.675504
0.522041	83	31	0.082163	0.000113	-0.678751
0.522041	84	48	0.082163	0.000110	-0.681974
0.522041	85	38	0.082163	0.000107	-0.685175
0.522041	86	48	0.082163	0.000105	-0.688352
0.522041	87	37	0.082163	0.000102	-0.691508
0.522041	88	30	0.082163	0.000100	-0.694641
0.522041	89	28	0.082163	0.000098	-0.697753
0.522041	90	31	0.082163	0.000096	-0.700844
0.522041	91	40	0.082163	0.000093	-0.703915
0.522041	92	27	0.082163	0.000091	-0.706965
0.522041	93	28	0.082163	0.000089	-0.709995
0.522041	94	35	0.082163	0.000087	-0.713005
0.522041	95	35	0.082163	0.000085	-0.715996
0.522041	96	33	0.082163	0.000084	-0.718968
0.522041	97	24	0.082163	0.000082	-0.721922
0.522041	98	18	0.082163	0.000080	-0.724857
0.522041	99	26	0.082163	0.000079	-0.727774
0.522041	100	25	0.082163	0.000077	-0.730673
0.522041	101	26	0.082163	0.000075	-0.733555
0.522041	102	20	0.082163	0.000074	-0.736420
0.522041	103	17	0.082163	0.000072	-0.739268
0.522041	104	26	0.082163	0.000071	-0.742099
0.522041	105	26	0.082163	0.000070	-0.744913
0.522041	106	19	0.082163	0.000068	-0.747712
0.522041	107	26	0.082163	0.000067	-0.750494
0.522041	108	31	0.082163	0.000066	-0.753261
0.522041	109	20	0.082163	0.000064	-0.756013
0.522041	110	20	0.082163	0.000063	-0.758749
0.522041	111	20	0.082163	0.000062	-0.761470
0.522041	112	20	0.082163	0.000061	-0.764177
0.522041	113	13	0.082163	0.000060	-0.766869
0.522041	114	18	0.082163	0.000059	-0.769546
0.522041	115	16	0.082163	0.000058	-0.772210
0.522041	116	20	0.082163	0.000057	-0.774859
0.522041	117	25	0.082163	0.000056	-0.777495
0.522041	118	19	0.082163	0.000055	-0.780117
0.522041	119	22	0.082163	0.000054	-0.782726
0.522041	120	16	0.082163	0.000053	-0.785321
0.522041	121	17	0.082163	0.000052	-0.787904
0.522041	122	14	0.082163	0.000051	-0.790473
0.522041	123	20	0.082163	0.000050	-0.793030
0.522041	124	12	0.082163	0.000049	-0.795575
0.522041	125	13	0.082163	0.000049	-0.798107
0.522041	126	19	0.082163	0.000048	-0.800626
0.522041	127	17	0.082163	0.000047	-0.803134
0.522041	128	15	0.082163	0.000046	-0.805630
0.522041	129	10	0.082163	0.000046	-0.808114
0.522041	130	14	0.082163	0.000045	-0.810586
0.522041	131	18	0.082163	0.000044	-0.813047
0.522041	132	13	0.082163	0.000043	-0.815497
0.522041	133	15	0.082163	0.000043	-0.817935
0.522041	134	16	0.082163	0.000042	-0.820363
0.522041	135	13	0.082163	0.000041	-0.822779
0.522041	136	17	0.082163	0.000041	-0.825185
0.522041	137	15	0.082163	0.000040	-0.827580
0.522041	138	18	0.082163	0.000040	-0.829964
0.522041	139	14	0.082163	0.000039	-0.832338
0.522041	140	16	0.082163	0.000038	-0.834702
0.522041	141	6	0.082163	0.000038	-0.837056
0.522041	142	15	0.082163	0.000037	-0.839399
0.522041	143	12	0.082163	0.000037	-0.841733
0.522041	144	11	0.082163	0.000036	-0.844056
0.522041	145	8	0.082163	0.000036	-0.846370
0.522041	146	12	0.082163	0.000035	-0.848675
0.522041	147	16	0.082163	0.000035	-0.850969
0.522041	148	11	0.082163	0.000034	-0.853255
0.522041	149	12	0.082163	0.000034	-0.855531
0.522041	150	14	0.082163	0.000033	-0.857798
0.522041	151	16	0.082163	0.000033	-0.860056
0.522041	152	10	0.082163	0.000033	-0.862304
0.522041	153	10	0.082163	0.000032	-0.864544
0.522041	154	9	0.082163	0.000032	-0.866775
0.522041	155	14	0.082163	0.000031	-0.868997
0.522041	156	6	0.082163	0.000031	-0.871211
0.522041	157	11	0.082163	0.000030	-0.873416
0.522041	158	16	0.082163	0.000030	-0.875613
0.522041	159	8	0.082163	0.000030	-0.877801
0.522041	160	5	0.082163	0.000029	-0.879981
0.522041	161	13	0.082163	0.000029	-0.882152
0.522041	162	10	0.082163	0.000029	-0.884316
0.522041	163	10	0.082163	0.000028	-0.886471
0.522041	164	14	0.082163	0.000028	-0.888619
0.522041	165	13	0.082163	0.000027	-0.890758
0.522041	166	5	0.082163	0.000027	-0.892890
0.522041	167	5	0.082163	0.000027	-0.895014
0.522041	168	6	0.082163	0.000026	-0.897130
0.522041	169	6	0.082163	0.000026	-0.899239
0.522041	170	9	0.082163	0.000026	-0.901340
0.522041	171	12	0.082163	0.000026	-0.903434
0.522041	172	5	0.082163	0.000025	-0.905521
0.522041	173	8	0.082163	0.000025	-0.907600
0.522041	174	10	0.082163	0.000025	-0.909671
0.522041	175	7	0.082163	0.000024	-0.911736
0.522041	176	8	0.082163	0.000024	-0.913793
0.522041	177	12	0.082163	0.000024	-0.915844
0.522041	178	7	0.082163	0.000023	-0.917887
0.522041	179	8	0.082163	0.000023	-0.919924
0.522041	180	4	0.082163	0.000023	-0.921954
0.522041	181	8	0.082163	0.000023	-0.923976
0.522041	182	13	0.082163	0.000022	-0.925993
0.522041	183	9	0.082163	0.000022	-0.928002
0.522041	184	6	0.082163	0.000022	-0.930005
0.522041	185	6	0.082163	0.000022	-0.932001
0.522041	186	1	0.082163	0.000021	-0.933991
0.522041	187	10	0.082163	0.000021	-0.935974
0.522041	188	7	0.082163	0.000021	-0.937951
0.522041	189	2	0.082163	0.000021	-0.939921
0.522041	190	3	0.082163	0.000021	-0.941886
0.522041	191	2	0.082163	0.000020	-0.943844
0.522041	192	2	0.082163	0.000020	-0.945795
0.522041	193	4	0.082163	0.000020	-0.947741
0.522041	194	5	0.082163	0.000020	-0.949681
0.522041	195	8	0.082163	0.000019	-0.951614
0.522041	196	7	0.082163	0.000019	-0.953542
0.522041	197	5	0.082163	0.000019	-0.955463
0.522041	198	5	0.082163	0.000019	-0.957379
0.522041	199	4	0.082163	0.000019	-0.959289
0.522041	200	5	0.082163	0.000018	-0.961193
0.522041	201	7	0.082163	0.000018	-0.963092
0.522041	202	6	0.082163	0.000018	-0.964984
0.522041	203	6	0.082163	0.000018	-0.966871
0.522041	204	9	0.082163	0.000018	-0.968753
0.522041	205	10	0.082163	0.000018	-0.970629
0.522041	206	5	0.082163	0.000017	-0.972499
0.522041	207	3	0.082163	0.000017	-0.974364
0.522041	208	4	0.082163	0.000017	-0.976223
0.522041	209	7	0.082163	0.000017	-0.978077
0.522041	210	6	0.082163	0.000017	-0.979926
0.522041	211	4	0.082163	0.000017	-0.981769
0.522041	212	10	0.082163	0.000016	-0.983607
0.522041	213	4	0.082163	0.000016	-0.985440
0.522041	214	8	0.082163	0.000016	-0.987268
0.522041	215	2	0.082163	0.000016	-0.989090
0.522041	216	5	0.082163	0.000016	-0.990908
0.522041	217	5	0.082163	0.000016	-0.992720
0.522041	218	3	0.082163	0.000015	-0.994527
0.522041	219	3	0.082163	0.000015	-0.996329
0.522041	220	5	0.082163	0.000015	-0.998127
0.522041	221	3	0.082163	0.000015	-0.999919
0.522041	222	3	0.082163	0.000015	-1.001706
0.522041	223	7	0.082163	0.000015	-1.003489
0.522041	224	7	0.082163	0.000015	-1.005267
0.522041	225	4	0.082163	0.000015	-1.007040
0.522041	226	3	0.082163	0.000014	-1.008808
0.522041	227	2	0.082163	0.000014	-1.010572
0.522041	228	0	0.082163	0.000014	-1.012330
0.522041	229	3	0.082163	0.000014	-1.014085
0.522041	230	3	0.082163	0.000014	-1.015834
0.522041	231	3	0.082163	0.000014	-1.017579
0.522041	232	4	0.082163	0.000014	-1.019319
0.522041	233	2	0.082163	0.000014	-1.021055
0.522041	234	2	0.082163	0.000013	-1.022787
0.522041	235	3	0.082163	0.000013	-1.024514
0.522041	236	4	0.082163	0.000013	-1.026236
0.522041	237	1	0.082163	0.000013	-1.027954
0.522041	238	5	0.082163	0.000013	-1.029668
0.522041	239	1	0.082163	0.000013	-1.031377
0.522041	240	2	0.082163	0.000013	-1.033082
0.522041	241	3	0.082163	0.000013	-1.034783
0.522041	242	1	0.082163	0.000012	-1.036479
0.522041	243	1	0.082163	0.000012	-1.038171
0.522041	244	2	0.082163	0.000012	-1.039859
0.522041	245	3	0.082163	0.000012	-1.041543
0.522041	246	2	0.082163	0.000012	-1.043223
0.522041	247	4	0.082163	0.000012	-1.044899
0.522041	248	4	0.082163	0.000012	-1.046570
0.522041	249	3	0.082163	0.000012	-1.048238
0.522041	250	1	0.082163	0.000012	-1.049901
0.522041	251	3	0.082163	0.000012	-1.051560
0.522041	252	2	0.082163	0.000011	-1.053216
0.522041	253	4	0.082163	0.000011	-1.054867
0.522041	254	3	0.082163	0.000011	-1.056515
0.522041	255	0	0.082163	0.000011	-1.058158
0.522041	256	3	0.082163	0.000011	-1.059798
0.522041	257	3	0.082163	0.000011	-1.061433
0.522041	258	2	0.082163	0.000011	-1.063065
0.522041	259	4	0.082163	0.000011	-1.064694
0.522041	260	1	0.082163	0.000011	-1.066318
0.522041	261	3	0.082163	0.000011	-1.067938
0.522041	262	5	0.082163	0.000011	-1.069555
0.522041	263	2	0.082163	0.000011	-1.071168
0.522041	264	0	0.082163	0.000010	-1.072778
0.522041	265	1	0.082163	0.000010	-1.074383
0.522041	266	2	0.082163	0.000010	-1.075986
0.522041	267	1	0.082163	0.000010	-1.077584
0.522041	268	1	0.082163	0.000010	-1.079179
0.522041	269	1	0.082163	0.000010	-1.080770
0.522041	270	0	0.082163	0.000010	-1.082358
0.522041	271	2	0.082163	0.000010	-1.083942
0.522041	272	0	0.082163	0.000010	-1.085522
0.522041	273	2	0.082163	0.000010	-1.087099
0.522041	274	1	0.082163	0.000010	-1.088673
0.522041	275	2	0.082163	0.000010	-1.090243
0.522041	276	1	0.082163	0.000010	-1.091810
0.522041	277	2	0.082163	0.000009	-1.093373
0.522041	278	1	0.082163	0.000009	-1.094933
0.522041	279	2	0.082163	0.000009	-1.096489
0.522041	280	2	0.082163	0.000009	-1.098042
0.522041	281	2	0.082163	0.000009	-1.099592
0.522041	282	5	0.082163	0.000009	-1.101138
0.522041	283	0	0.082163	0.000009	-1.102681
0.522041	284	4	0.082163	0.000009	-1.104221
0.522041	285	2	0.082163	0.000009	-1.105757
0.522041	286	2	0.082163	0.000009	-1.107291
0.522041	287	0	0.082163	0.000009	-1.108821
0.522041	288	2	0.082163	0.000009	-1.110347
0.522041	289	2	0.082163	0.000009	-1.111871
0.522041	290	2	0.082163	0.000009	-1.113391
0.522041	291	0	0.082163	0.000009	-1.114909
0.522041	292	4	0.082163	0.000008	-1.116423
0.522041	293	3	0.082163	0.000008	-1.117934
0.522041	294	1	0.082163	0.000008	-1.119442
0.522041	295	2	0.082163	0.000008	-1.120946
0.522041	296	0	0.082163	0.000008	-1.122448
0.522041	297	2	0.082163	0.000008	-1.123947
0.522041	298	2	0.082163	0.000008	-1.125442
0.522041	299	0	0.082163	0.000008	-1.126935
0.522041	300	2	0.082163	0.000008	-1.128424
0.522041	301	0	0.082163	0.000008	-1.129911
0.522041	302	4	0.082163	0.000008	-1.131394
0.522041	303	1	0.082163	0.000008	-1.132875
0.522041	304	1	0.082163	0.000008	-1.134353
0.522041	305	0	0.082163	0.000008	-1.135827
0.522041	306	1	0.082163	0.000008	-1.137299
0.522041	307	2	0.082163	0.000008	-1.138768
0.522041	308	1	0.082163	0.000008	-1.140234
0.522041	309	1	0.082163	0.000008	-1.141697
0.522041	310	3	0.082163	0.000008	-1.143157
0.522041	311	2	0.082163	0.000007	-1.144615
0.522041	312	0	0.082163	0.000007	-1.146069
0.522041	313	0	0.082163	0.000007	-1.147521
0.522041	314	1	0.082163	0.000007	-1.148970
0.522041	315	1	0.082163	0.000007	-1.150416
0.522041	316	0	0.082163	0.000007	-1.151859
0.522041	317	2	0.082163	0.000007	-1.153300
0.522041	318	1	0.082163	0.000007	-1.154738
0.522041	319	0	0.082163	0.000007	-1.156173
0.522041	320	2	0.082163	0.000007	-1.157605
0.522041	321	2	0.082163	0.000007	-1.159035
0.522041	322	1	0.082163	0.000007	-1.160462
0.522041	323	1	0.082163	0.000007	-1.161887
0.522041	324	0	0.082163	0.000007	-1.163308
0.522041	325	0	0.082163	0.000007	-1.164727
0.522041	326	0	0.082163	0.000007	-1.166144
0.522041	327	1	0.082163	0.000007	-1.167558
0.522041	328	0	0.082163	0.000007	-1.168969
0.522041	329	0	0.082163	0.000007	-1.170377
0.522041	330	1	0.082163	0.000007	-1.171783
0.522041	331	2	0.082163	0.000007	-1.173187
0.522041	332	0	0.082163	0.000007	-1.174588
0.522041	333	0	0.082163	0.000006	-1.175986
0.522041	334	1	0.082163	0.000006	-1.177382
0.522041	335	0	0.082163	0.000006	-1.178775
0.522041	336	0	0.082163	0.000006	-1.180166
0.522041	337	0	0.082163	0.000006	-1.181554
0.522041	338	0	0.082163	0.000006	-1.182940
0.522041	339	0	0.082163	0.000006	-1.184323
0.522041	340	2	0.082163	0.000006	-1.185704
0.522041	341	3	0.082163	0.000006	-1.187082
0.522041	342	1	0.082163	0.000006	-1.188458
0.522041	343	3	0.082163	0.000006	-1.189832
0.522041	344	1	0.082163	0.000006	-1.191203
0.522041	345	0	0.082163	0.000006	-1.192572
0.522041	346	0	0.082163	0.000006	-1.193938
0.522041	347	3	0.082163	0.000006	-1.195302
0.522041	348	0	0.082163	0.000006	-1.196663
0.522041	349	0	0.082163	0.000006	-1.198023
0.522041	350	3	0.082163	0.000006	-1.199379
0.522041	351	1	0.082163	0.000006	-1.200734
0.522041	352	2	0.082163	0.000006	-1.202086
0.522041	353	0	0.082163	0.000006	-1.203436
0.522041	354	1	0.082163	0.000006	-1.204783
0.522041	355	1	0.082163	0.000006	-1.206129
0.522041	356	0	0.082163	0.000006	-1.207471
0.522041	357	1	0.082163	0.000006	-1.208812
0.522041	358	1	0.082163	0.000006	-1.210150
0.522041	359	0	0.082163	0.000006	-1.211487
0.522041	360	1	0.082163	0.000006	-1.212820
0.522041	361	1	0.082163	0.000005	-1.214152
0.522041	362	2	0.082163	0.000005	-1.215482
0.522041	363	0	0.082163	0.000005	-1.216809
0.522041	364	0	0.082163	0.000005	-1.218134
0.522041	365	0	0.082163	0.000005	-1.219456
0.522041	366	1	0.082163	0.000005	-1.220777
0.522041	367	0	0.082163	0.000005	-1.222095
0.522041	368	0	0.082163	0.000005	-1.223412
0.522041	369	2	0.082163	0.000005	-1.224726
0.522041	370	0	0.082163	0.000005	-1.226038
0.522041	371	1	0.082163	0.000005	-1.227348
0.522041	372	0	0.082163	0.000005	-1.228655
0.522041	373	2	0.082163	0.000005	-1.229961
0.522041	374	0	0.082163	0.000005	-1.231264
0.522041	375	0	0.082163	0.000005	-1.232566
0.522041	376	1	0.082163	0.000005	-1.233865
0.522041	377	0	0.082163	0.000005	-1.235162
0.522041	378	1	0.082163	0.000005	-1.236457
0.522041	379	0	0.082163	0.000005	-1.237750
0.522041	380	0	0.082163	0.000005	-1.239041
0.522041	381	2	0.082163	0.000005	-1.240330
0.522041	382	1	0.082163	0.000005	-1.241617
0.522041	383	1	0.082163	0.000005	-1.242901
0.522041	384	1	0.082163	0.000005	-1.244184
0.522041	385	2	0.082163	0.000005	-1.245465
0.522041	386	0	0.082163	0.000005	-1.246744
0.522041	387	1	0.082163	0.000005	-1.248020
0.522041	388	0	0.082163	0.000005	-1.249295
0.522041	389	0	0.082163	0.000005	-1.250568
0.522041	390	0	0.082163	0.000005	-1.251839
0.522041	391	0	0.082163	0.000005	-1.253108
0.522041	392	1	0.082163	0.000005	-1.254374
0.522041	393	0	0.082163	0.000005	-1.255639
0.522041	394	0	0.082163	0.000005	-1.256902
0.522041	395	0	0.082163	0.000005	-1.258163
0.522041	396	1	0.082163	0.000005	-1.259423
0.522041	397	0	0.082163	0.000005	-1.260680
0.522041	398	0	0.082163	0.000004	-1.261935
0.522041	399	1	0.082163	0.000004	-1.263188
0.522041	400	1	0.082163	0.000004	-1.264440
0.522041	401	0	0.082163	0.000004	-1.265689
0.522041	402	0	0.082163	0.000004	-1.266937
0.522041	403	0	0.082163	0.000004	-1.268183
0.522041	404	0	0.082163	0.000004	-1.269427
0.522041	405	1	0.082163	0.000004	-1.270669
0.522041	406	0	0.082163	0.000004	-1.271909
0.522041	407	0	0.082163	0.000004	-1.273148
0.522041	408	1	0.082163	0.000004	-1.274384
0.522041	409	0	0.082163	0.000004	-1.275619
0.522041	410	0	0.082163	0.000004	-1.276852
0.522041	411	0	0.082163	0.000004	-1.278083
0.522041	412	0	0.082163	0.000004	-1.279312
0.522041	413	0	0.082163	0.000004	-1.280540
0.522041	414	0	0.082163	0.000004	-1.281766
0.522041	415	0	0.082163	0.000004	-1.282989
0.522041	416	0	0.082163	0.000004	-1.284212
0.522041	417	0	0.082163	0.000004	-1.285432
0.522041	418	1	0.082163	0.000004	-1.286650
0.522041	419	0	0.082163	0.000004	-1.287867
0.522041	420	1	0.082163	0.000004	-1.289082
0.522041	421	0	0.082163	0.000004	-1.290296
0.522041	422	0	0.082163	0.000004	-1.291507
0.522041	423	0	0.082163	0.000004	-1.292717
0.522041	424	1	0.082163	0.000004	-1.293925
0.522041	425	3	0.082163	0.000004	-1.295132
0.522041	426	0	0.082163	0.000004	-1.296336
0.522041	427	1	0.082163	0.000004	-1.297539
0.522041	428	1	0.082163	0.000004	-1.298741
0.522041	429	0	0.082163	0.000004	-1.299940
0.522041	430	0	0.082163	0.000004	-1.301138
0.522041	431	0	0.082163	0.000004	-1.302334
0.522041	432	1	0.082163	0.000004	-1.303529
0.522041	433	0	0.082163	0.000004	-1.304722
0.522041	434	0	0.082163	0.000004	-1.305913
0.522041	435	0	0.082163	0.000004	-1.307102
0.522041	436	0	0.082163	0.000004	-1.308290
0.522041	437	0	0.082163	0.000004	-1.309476
0.522041	438	1	0.082163	0.000004	-1.310661
0.522041	439	1	0.082163	0.000004	-1.311844
