0.639192	1	24691	0.082163	1.000000	0.079716
0.639192	2	4602	0.082163	0.240315	0.104866
0.639192	3	2652	0.082163	0.104367	0.123110
0.639192	4	1629	0.082163	0.057751	0.137950
0.639192	5	1075	0.082163	0.036494	0.150681
0.639192	6	815	0.082163	0.025081	0.161950
0.639192	7	566	0.082163	0.018266	0.172134
0.639192	8	455	0.082163	0.013879	0.181471
0.639192	9	362	0.082163	0.010892	0.190127
0.639192	10	287	0.082163	0.008770	0.198219
0.639192	11	243	0.082163	0.007209	0.205836
0.639192	12	217	0.082163	0.006027	0.213044
0.639192	13	194	0.082163	0.005112	0.219898
0.639192	14	154	0.082163	0.004389	0.226440
0.639192	15	146	0.082163	0.003809	0.232706
0.639192	16	123	0.082163	0.003335	0.238724
0.639192	17	108	0.082163	0.002944	0.244518
0.639192	18	81	0.082163	0.002618	0.250110
0.639192	19	81	0.082163	0.002342	0.255517
0.639192	20	68	0.082163	0.002108	0.260755
0.639192	21	67	0.082163	0.001906	0.265837
0.639192	22	64	0.082163	0.001732	0.270775
0.639192	23	53	0.082163	0.001581	0.275578
0.639192	24	56	0.082163	0.001448	0.280257
0.639192	25	52	0.082163	0.001332	0.284820
0.639192	26	48	0.082163	0.001229	0.289274
0.639192	27	49	0.082163	0.001137	0.293625
0.639192	28	30	0.082163	0.001055	0.297880
0.639192	29	26	0.082163	0.000981	0.302044
0.639192	30	26	0.082163	0.000915	0.306122
0.639192	31	31	0.082163	0.000856	0.310119
0.639192	32	21	0.082163	0.000802	0.314038
0.639192	33	26	0.082163	0.000752	0.317885
0.639192	34	28	0.082163	0.000708	0.321661
0.639192	35	24	0.082163	0.000667	0.325371
0.639192	36	22	0.082163	0.000629	0.329017
0.639192	37	20	0.082163	0.000595	0.332603
0.639192	38	25	0.082163	0.000563	0.336130
0.639192	39	16	0.082163	0.000534	0.339602
0.639192	40	24	0.082163	0.000506	0.343021
0.639192	41	16	0.082163	0.000481	0.346388
0.639192	42	18	0.082163	0.000458	0.349706
0.639192	43	19	0.082163	0.000436	0.352976
0.639192	44	19	0.082163	0.000416	0.356201
0.639192	45	15	0.082163	0.000398	0.359382
0.639192	46	8	0.082163	0.000380	0.362520
0.639192	47	15	0.082163	0.000363	0.365618
0.639192	48	15	0.082163	0.000348	0.368676
0.639192	49	14	0.082163	0.000334	0.371695
0.639192	50	13	0.082163	0.000320	0.374678
0.639192	51	15	0.082163	0.000307	0.377624
0.639192	52	12	0.082163	0.000295	0.380536
0.639192	53	12	0.082163	0.000284	0.383415
0.639192	54	12	0.082163	0.000273	0.386261
0.639192	55	8	0.082163	0.000263	0.389075
0.639192	56	12	0.082163	0.000253	0.391858
0.639192	57	12	0.082163	0.000244	0.394611
0.639192	58	9	0.082163	0.000236	0.397336
0.639192	59	4	0.082163	0.000228	0.400032
0.639192	60	4	0.082163	0.000220	0.402700
0.639192	61	10	0.082163	0.000213	0.405342
0.639192	62	6	0.082163	0.000206	0.407958
0.639192	63	7	0.082163	0.000199	0.410549
0.639192	64	6	0.082163	0.000193	0.413114
0.639192	65	8	0.082163	0.000187	0.415656
0.639192	66	5	0.082163	0.000181	0.418174
0.639192	67	2	0.082163	0.000175	0.420669
0.639192	68	7	0.082163	0.000170	0.423142
0.639192	69	4	0.082163	0.000165	0.425593
0.639192	70	11	0.082163	0.000160	0.428022
0.639192	71	5	0.082163	0.000156	0.430431
0.639192	72	5	0.082163	0.000151	0.432819
0.639192	73	2	0.082163	0.000147	0.435187
0.639192	74	7	0.082163	0.000143	0.437536
0.639192	75	8	0.082163	0.000139	0.439865
0.639192	76	5	0.082163	0.000135	0.442176
0.639192	77	4	0.082163	0.000132	0.444469
0.639192	78	5	0.082163	0.000128	0.446743
0.639192	79	5	0.082163	0.000125	0.449000
0.639192	80	1	0.082163	0.000122	0.451240
0.639192	81	6	0.082163	0.000119	0.453463
0.639192	82	6	0.082163	0.000116	0.455670
0.639192	83	5	0.082163	0.000113	0.457860
0.639192	84	6	0.082163	0.000110	0.460034
0.639192	85	3	0.082163	0.000107	0.462193
0.639192	86	7	0.082163	0.000105	0.464337
0.639192	87	2	0.082163	0.000102	0.466465
0.639192	88	3	0.082163	0.000100	0.468579
0.639192	89	3	0.082163	0.000098	0.470678
0.639192	90	3	0.082163	0.000096	0.472763
0.639192	91	6	0.082163	0.000093	0.474834
0.639192	92	4	0.082163	0.000091	0.476892
0.639192	93	3	0.082163	0.000089	0.478936
0.639192	94	0	0.082163	0.000087	0.480966
0.639192	95	2	0.082163	0.000085	0.482984
0.639192	96	1	0.082163	0.000084	0.484989
0.639192	97	1	0.082163	0.000082	0.486981
0.639192	98	4	0.082163	0.000080	0.488961
0.639192	99	3	0.082163	0.000079	0.490929
0.639192	100	1	0.082163	0.000077	0.492885
0.639192	101	4	0.082163	0.000075	0.494829
0.639192	102	4	0.082163	0.000074	0.496761
0.639192	103	5	0.082163	0.000072	0.498682
0.639192	104	1	0.082163	0.000071	0.500592
0.639192	105	0	0.082163	0.000070	0.502490
0.639192	106	8	0.082163	0.000068	0.504378
0.639192	107	1	0.082163	0.000067	0.506255
0.639192	108	4	0.082163	0.000066	0.508122
0.639192	109	0	0.082163	0.000064	0.509978
0.639192	110	0	0.082163	0.000063	0.511824
0.639192	111	3	0.082163	0.000062	0.513659
0.639192	112	3	0.082163	0.000061	0.515485
0.639192	113	1	0.082163	0.000060	0.517301
0.639192	114	2	0.082163	0.000059	0.519107
0.639192	115	1	0.082163	0.000058	0.520904
0.639192	116	1	0.082163	0.000057	0.522691
0.639192	117	2	0.082163	0.000056	0.524469
0.639192	118	1	0.082163	0.000055	0.526238
0.639192	119	1	0.082163	0.000054	0.527997
0.639192	120	0	0.082163	0.000053	0.529748
0.639192	121	1	0.082163	0.000052	0.531490
0.639192	122	2	0.082163	0.000051	0.533224
0.639192	123	1	0.082163	0.000050	0.534948
0.639192	124	2	0.082163	0.000049	0.536665
0.639192	125	0	0.082163	0.000049	0.538373
0.639192	126	0	0.082163	0.000048	0.540072
0.639192	127	2	0.082163	0.000047	0.541764
0.639192	128	2	0.082163	0.000046	0.543448
0.639192	129	2	0.082163	0.000046	0.545123
0.639192	130	0	0.082163	0.000045	0.546791
0.639192	131	1	0.082163	0.000044	0.548451
0.639192	132	2	0.082163	0.000043	0.550103
0.639192	133	3	0.082163	0.000043	0.551748
0.639192	134	1	0.082163	0.000042	0.553386
0.639192	135	2	0.082163	0.000041	0.555016
0.639192	136	1	0.082163	0.000041	0.556639
0.639192	137	1	0.082163	0.000040	0.558254
0.639192	138	1	0.082163	0.000040	0.559863
0.639192	139	3	0.082163	0.000039	0.561464
0.639192	140	0	0.082163	0.000038	0.563059
0.639192	141	0	0.082163	0.000038	0.564646
0.639192	142	3	0.082163	0.000037	0.566227
0.639192	143	2	0.082163	0.000037	0.567801
0.639192	144	0	0.082163	0.000036	0.569369
0.639192	145	0	0.082163	0.000036	0.570930
0.639192	146	4	0.082163	0.000035	0.572484
0.639192	147	2	0.082163	0.000035	0.574032
0.639192	148	1	0.082163	0.000034	0.575574
0.639192	149	0	0.082163	0.000034	0.577109
0.639192	150	1	0.082163	0.000033	0.578638
0.639192	151	2	0.082163	0.000033	0.580161
0.639192	152	0	0.082163	0.000033	0.581678
0.639192	153	4	0.082163	0.000032	0.583189
0.639192	154	0	0.082163	0.000032	0.584694
0.639192	155	1	0.082163	0.000031	0.586193
0.639192	156	1	0.082163	0.000031	0.587686
0.639192	157	1	0.082163	0.000030	0.589174
0.639192	158	1	0.082163	0.000030	0.590655
0.639192	159	0	0.082163	0.000030	0.592131
0.639192	160	2	0.082163	0.000029	0.593602
0.639192	161	0	0.082163	0.000029	0.595067
0.639192	162	0	0.082163	0.000029	0.596526
0.639192	163	0	0.082163	0.000028	0.597980
0.639192	164	1	0.082163	0.000028	0.599429
0.639192	165	2	0.082163	0.000027	0.600872
0.639192	166	1	0.082163	0.000027	0.602310
0.639192	167	1	0.082163	0.000027	0.603743
0.639192	168	2	0.082163	0.000026	0.605170
0.639192	169	1	0.082163	0.000026	0.606593
0.639192	170	2	0.082163	0.000026	0.608010
0.639192	171	0	0.082163	0.000026	0.609423
0.639192	172	0	0.082163	0.000025	0.610830
0.639192	173	0	0.082163	0.000025	0.612233
0.639192	174	0	0.082163	0.000025	0.613630
0.639192	175	1	0.082163	0.000024	0.615023
0.639192	176	1	0.082163	0.000024	0.616411
0.639192	177	1	0.082163	0.000024	0.617794
0.639192	178	0	0.082163	0.000023	0.619172
0.639192	179	2	0.082163	0.000023	0.620546
0.639192	180	0	0.082163	0.000023	0.621915
0.639192	181	1	0.082163	0.000023	0.623280
0.639192	182	2	0.082163	0.000022	0.624640
0.639192	183	0	0.082163	0.000022	0.625995
0.639192	184	3	0.082163	0.000022	0.627346
0.639192	185	0	0.082163	0.000022	0.628693
0.639192	186	1	0.082163	0.000021	0.630035
0.639192	187	3	0.082163	0.000021	0.631373
0.639192	188	0	0.082163	0.000021	0.632706
0.639192	189	0	0.082163	0.000021	0.634036
0.639192	190	0	0.082163	0.000021	0.635361
0.639192	191	1	0.082163	0.000020	0.636681
0.639192	192	0	0.082163	0.000020	0.637998
0.639192	193	0	0.082163	0.000020	0.639310
0.639192	194	2	0.082163	0.000020	0.640619
0.639192	195	0	0.082163	0.000019	0.641923
0.639192	196	0	0.082163	0.000019	0.643223
0.639192	197	1	0.082163	0.000019	0.644520
0.639192	198	2	0.082163	0.000019	0.645812
0.639192	199	1	0.082163	0.000019	0.647100
0.639192	200	0	0.082163	0.000018	0.648385
0.639192	201	0	0.082163	0.000018	0.649665
0.639192	202	0	0.082163	0.000018	0.650942
0.639192	203	2	0.082163	0.000018	0.652215
0.639192	204	1	0.082163	0.000018	0.653484
0.639192	205	1	0.082163	0.000018	0.654749
0.639192	206	0	0.082163	0.000017	0.656011
0.639192	207	2	0.082163	0.000017	0.657269
0.639192	208	0	0.082163	0.000017	0.658523
0.639192	209	0	0.082163	0.000017	0.659774
0.639192	210	0	0.082163	0.000017	0.661021
0.639192	211	0	0.082163	0.000017	0.662265
0.639192	212	0	0.082163	0.000016	0.663504
0.639192	213	0	0.082163	0.000016	0.664741
0.639192	214	0	0.082163	0.000016	0.665974
0.639192	215	0	0.082163	0.000016	0.667203
0.639192	216	0	0.082163	0.000016	0.668429
0.639192	217	1	0.082163	0.000016	0.669651
0.639192	218	1	0.082163	0.000015	0.670871
0.639192	219	0	0.082163	0.000015	0.672086
0.639192	220	0	0.082163	0.000015	0.673299
0.639192	221	0	0.082163	0.000015	0.674508
0.639192	222	1	0.082163	0.000015	0.675713
0.639192	223	1	0.082163	0.000015	0.676916
0.639192	224	0	0.082163	0.000015	0.678115
0.639192	225	0	0.082163	0.000015	0.679311
0.639192	226	3	0.082163	0.000014	0.680504
0.639192	227	2	0.082163	0.000014	0.681694
0.639192	228	0	0.082163	0.000014	0.682880
0.639192	229	1	0.082163	0.000014	0.684063
0.639192	230	1	0.082163	0.000014	0.685243
0.639192	231	1	0.082163	0.000014	0.686420
0.639192	232	1	0.082163	0.000014	0.687594
0.639192	233	0	0.082163	0.000014	0.688765
0.639192	234	0	0.082163	0.000013	0.689933
0.639192	235	1	0.082163	0.000013	0.691098
0.639192	236	1	0.082163	0.000013	0.692260
0.639192	237	0	0.082163	0.000013	0.693419
0.639192	238	0	0.082163	0.000013	0.694575
0.639192	239	0	0.082163	0.000013	0.695728
0.639192	240	1	0.082163	0.000013	0.696878
0.639192	241	1	0.082163	0.000013	0.698025
0.639192	242	1	0.082163	0.000012	0.699170
0.639192	243	1	0.082163	0.000012	0.700311
0.639192	244	1	0.082163	0.000012	0.701450
0.639192	245	1	0.082163	0.000012	0.702586
0.639192	246	0	0.082163	0.000012	0.703719
0.639192	247	0	0.082163	0.000012	0.704849
0.639192	248	0	0.082163	0.000012	0.705977
0.639192	249	0	0.082163	0.000012	0.707102
0.639192	250	0	0.082163	0.000012	0.708224
0.639192	251	1	0.082163	0.000012	0.709343
0.639192	252	0	0.082163	0.000011	0.710460
0.639192	253	0	0.082163	0.000011	0.711574
0.639192	254	1	0.082163	0.000011	0.712685
0.639192	255	0	0.082163	0.000011	0.713794
0.639192	256	0	0.082163	0.000011	0.714900
0.639192	257	0	0.082163	0.000011	0.716003
0.639192	258	0	0.082163	0.000011	0.717104
0.639192	259	0	0.082163	0.000011	0.718202
0.639192	260	0	0.082163	0.000011	0.719298
0.639192	261	0	0.082163	0.000011	0.720391
0.639192	262	0	0.082163	0.000011	0.721482
0.639192	263	0	0.082163	0.000011	0.722570
0.639192	264	0	0.082163	0.000010	0.723655
0.639192	265	0	0.082163	0.000010	0.724739
0.639192	266	0	0.082163	0.000010	0.725819
0.639192	267	0	0.082163	0.000010	0.726898
0.639192	268	0	0.082163	0.000010	0.727973
0.639192	269	0	0.082163	0.000010	0.729047
0.639192	270	0	0.082163	0.000010	0.730118
0.639192	271	0	0.082163	0.000010	0.731186
0.639192	272	0	0.082163	0.000010	0.732252
0.639192	273	2	0.082163	0.000010	0.733316
0.639192	274	1	0.082163	0.000010	0.734378
0.639192	275	1	0.082163	0.000010	0.735437
0.639192	276	0	0.082163	0.000010	0.736494
0.639192	277	1	0.082163	0.000009	0.737548
0.639192	278	1	0.082163	0.000009	0.738600
0.639192	279	1	0.082163	0.000009	0.739650
0.639192	280	0	0.082163	0.000009	0.740698
0.639192	281	0	0.082163	0.000009	0.741743
0.639192	282	1	0.082163	0.000009	0.742786
0.639192	283	1	0.082163	0.000009	0.743827
0.639192	284	1	0.082163	0.000009	0.744866
0.639192	285	1	0.082163	0.000009	0.745902
0.639192	286	1	0.082163	0.000009	0.746937
0.639192	287	0	0.082163	0.000009	0.747969
0.639192	288	0	0.082163	0.000009	0.748999
0.639192	289	0	0.082163	0.000009	0.750026
0.639192	290	0	0.082163	0.000009	0.751052
0.639192	291	0	0.082163	0.000009	0.752075
0.639192	292	0	0.082163	0.000008	0.753097
0.639192	293	0	0.082163	0.000008	0.754116
0.639192	294	2	0.082163	0.000008	0.755133
0.639192	295	0	0.082163	0.000008	0.756148
0.639192	296	0	0.082163	0.000008	0.757161
0.639192	297	0	0.082163	0.000008	0.758172
0.639192	298	0	0.082163	0.000008	0.759181
0.639192	299	1	0.082163	0.000008	0.760188
0.639192	300	0	0.082163	0.000008	0.761193
0.639192	301	0	0.082163	0.000008	0.762195
0.639192	302	0	0.082163	0.000008	0.763196
0.639192	303	0	0.082163	0.000008	0.764195
0.639192	304	0	0.082163	0.000008	0.765191
0.639192	305	0	0.082163	0.000008	0.766186
0.639192	306	0	0.082163	0.000008	0.767179
0.639192	307	0	0.082163	0.000008	0.768170
0.639192	308	1	0.082163	0.000008	0.769159
0.639192	309	0	0.082163	0.000008	0.770146
0.639192	310	1	0.082163	0.000008	0.771131
0.639192	311	0	0.082163	0.000007	0.772114
0.639192	312	0	0.082163	0.000007	0.773095
0.639192	313	0	0.082163	0.000007	0.774074
0.639192	314	1	0.082163	0.000007	0.775052
0.639192	315	0	0.082163	0.000007	0.776027
0.639192	316	0	0.082163	0.000007	0.777001
0.639192	317	0	0.082163	0.000007	0.777973
0.639192	318	0	0.082163	0.000007	0.778943
0.639192	319	0	0.082163	0.000007	0.779911
0.639192	320	0	0.082163	0.000007	0.780877
0.639192	321	0	0.082163	0.000007	0.781842
0.639192	322	0	0.082163	0.000007	0.782804
0.639192	323	0	0.082163	0.000007	0.783765
0.639192	324	0	0.082163	0.000007	0.784724
0.639192	325	0	0.082163	0.000007	0.785681
0.639192	326	0	0.082163	0.000007	0.786637
0.639192	327	0	0.082163	0.000007	0.787590
0.639192	328	0	0.082163	0.000007	0.788542
0.639192	329	0	0.082163	0.000007	0.789493
0.639192	330	1	0.082163	0.000007	0.790441
0.639192	331	1	0.082163	0.000007	0.791388
0.639192	332	0	0.082163	0.000007	0.792333
0.639192	333	0	0.082163	0.000006	0.793276
0.639192	334	0	0.082163	0.000006	0.794217
0.639192	335	0	0.082163	0.000006	0.795157
0.639192	336	0	0.082163	0.000006	0.796095
0.639192	337	0	0.082163	0.000006	0.797032
0.639192	338	0	0.082163	0.000006	0.797967
0.639192	339	0	0.082163	0.000006	0.798900
0.639192	340	0	0.082163	0.000006	0.799831
0.639192	341	0	0.082163	0.000006	0.800761
0.639192	342	0	0.082163	0.000006	0.801689
0.639192	343	0	0.082163	0.000006	0.802616
0.639192	344	0	0.082163	0.000006	0.803541
0.639192	345	0	0.082163	0.000006	0.804464
0.639192	346	0	0.082163	0.000006	0.805386
0.639192	347	0	0.082163	0.000006	0.806306
0.639192	348	0	0.082163	0.000006	0.807224
0.639192	349	1	0.082163	0.000006	0.808141
0.639192	350	0	0.082163	0.000006	0.809056
0.639192	351	0	0.082163	0.000006	0.809970
0.639192	352	0	0.082163	0.000006	0.810882
0.639192	353	0	0.082163	0.000006	0.811792
0.639192	354	0	0.082163	0.000006	0.812701
0.639192	355	1	0.082163	0.000006	0.813609
0.639192	356	0	0.082163	0.000006	0.814515
0.639192	357	0	0.082163	0.000006	0.815419
0.639192	358	0	0.082163	0.000006	0.816322
0.639192	359	1	0.082163	0.000006	0.817223
0.639192	360	0	0.082163	0.000006	0.818123
0.639192	361	0	0.082163	0.000005	0.819021
0.639192	362	0	0.082163	0.000005	0.819918
0.639192	363	0	0.082163	0.000005	0.820813
0.639192	364	0	0.082163	0.000005	0.821707
0.639192	365	0	0.082163	0.000005	0.822599
0.639192	366	0	0.082163	0.000005	0.823490
0.639192	367	0	0.082163	0.000005	0.824380
0.639192	368	0	0.082163	0.000005	0.825267
0.639192	369	0	0.082163	0.000005	0.826154
0.639192	370	0	0.082163	0.000005	0.827039
0.639192	371	0	0.082163	0.000005	0.827922
0.639192	372	0	0.082163	0.000005	0.828805
0.639192	373	0	0.082163	0.000005	0.829685
0.639192	374	0	0.082163	0.000005	0.830564
0.639192	375	1	0.082163	0.000005	0.831442
0.639192	376	0	0.082163	0.000005	0.832319
0.639192	377	0	0.082163	0.000005	0.833194
0.639192	378	0	0.082163	0.000005	0.834067
0.639192	379	0	0.082163	0.000005	0.834940
0.639192	380	0	0.082163	0.000005	0.835810
0.639192	381	0	0.082163	0.000005	0.836680
0.639192	382	0	0.082163	0.000005	0.837548
0.639192	383	0	0.082163	0.000005	0.838414
0.639192	384	0	0.082163	0.000005	0.839280
0.639192	385	0	0.082163	0.000005	0.840144
0.639192	386	0	0.082163	0.000005	0.841006
0.639192	387	0	0.082163	0.000005	0.841868
0.639192	388	0	0.082163	0.000005	0.842728
0.639192	389	0	0.082163	0.000005	0.843586
0.639192	390	0	0.082163	0.000005	0.844443
0.639192	391	0	0.082163	0.000005	0.845299
0.639192	392	0	0.082163	0.000005	0.846154
0.639192	393	0	0.082163	0.000005	0.847007
0.639192	394	0	0.082163	0.000005	0.847859
0.639192	395	0	0.082163	0.000005	0.848710
0.639192	396	0	0.082163	0.000005	0.849559
0.639192	397	0	0.082163	0.000005	0.850407
0.639192	398	0	0.082163	0.000004	0.851254
0.639192	399	0	0.082163	0.000004	0.852099
0.639192	400	0	0.082163	0.000004	0.852944
0.639192	401	0	0.082163	0.000004	0.853786
0.639192	402	0	0.082163	0.000004	0.854628
0.639192	403	0	0.082163	0.000004	0.855468
0.639192	404	0	0.082163	0.000004	0.856308
0.639192	405	0	0.082163	0.000004	0.857146
0.639192	406	0	0.082163	0.000004	0.857982
0.639192	407	1	0.082163	0.000004	0.858818
0.639192	408	0	0.082163	0.000004	0.859652
0.639192	409	1	0.082163	0.000004	0.860485
0.639192	410	0	0.082163	0.000004	0.861316
0.639192	411	0	0.082163	0.000004	0.862147
0.639192	412	0	0.082163	0.000004	0.862976
0.639192	413	0	0.082163	0.000004	0.863804
0.639192	414	0	0.082163	0.000004	0.864631
0.639192	415	0	0.082163	0.000004	0.865456
0.639192	416	0	0.082163	0.000004	0.866281
0.639192	417	0	0.082163	0.000004	0.867104
0.639192	418	0	0.082163	0.000004	0.867926
0.639192	419	0	0.082163	0.000004	0.868747
0.639192	420	0	0.082163	0.000004	0.869566
0.639192	421	0	0.082163	0.000004	0.870385
0.639192	422	0	0.082163	0.000004	0.871202
0.639192	423	0	0.082163	0.000004	0.872018
0.639192	424	0	0.082163	0.000004	0.872833
0.639192	425	0	0.082163	0.000004	0.873647
0.639192	426	0	0.082163	0.000004	0.874460
0.639192	427	0	0.082163	0.000004	0.875271
0.639192	428	0	0.082163	0.000004	0.876081
0.639192	429	1	0.082163	0.000004	0.876891
0.639192	430	0	0.082163	0.000004	0.877699
0.639192	431	0	0.082163	0.000004	0.878506
0.639192	432	0	0.082163	0.000004	0.879311
0.639192	433	0	0.082163	0.000004	0.880116
0.639192	434	0	0.082163	0.000004	0.880920
0.639192	435	0	0.082163	0.000004	0.881722
0.639192	436	0	0.082163	0.000004	0.882523
0.639192	437	0	0.082163	0.000004	0.883324
0.639192	438	0	0.082163	0.000004	0.884123
0.639192	439	0	0.082163	0.000004	0.884921
