0.590707	1	37126	0.082163	1.000000	-0.002184
0.590707	2	8177	0.082163	0.240315	-0.002874
0.590707	3	4772	0.082163	0.104367	-0.003374
0.590707	4	3072	0.082163	0.057751	-0.003780
0.590707	5	2094	0.082163	0.036494	-0.004129
0.590707	6	1592	0.082163	0.025081	-0.004438
0.590707	7	1266	0.082163	0.018266	-0.004717
0.590707	8	984	0.082163	0.013879	-0.004973
0.590707	9	806	0.082163	0.010892	-0.005210
0.590707	10	664	0.082163	0.008770	-0.005432
0.590707	11	588	0.082163	0.007209	-0.005640
0.590707	12	523	0.082163	0.006027	-0.005838
0.590707	13	425	0.082163	0.005112	-0.006026
0.590707	14	360	0.082163	0.004389	-0.006205
0.590707	15	335	0.082163	0.003809	-0.006377
0.590707	16	282	0.082163	0.003335	-0.006542
0.590707	17	268	0.082163	0.002944	-0.006700
0.590707	18	240	0.082163	0.002618	-0.006854
0.590707	19	235	0.082163	0.002342	-0.007002
0.590707	20	172	0.082163	0.002108	-0.007145
0.590707	21	175	0.082163	0.001906	-0.007285
0.590707	22	184	0.082163	0.001732	-0.007420
0.590707	23	155	0.082163	0.001581	-0.007552
0.590707	24	164	0.082163	0.001448	-0.007680
0.590707	25	129	0.082163	0.001332	-0.007805
0.590707	26	105	0.082163	0.001229	-0.007927
0.590707	27	126	0.082163	0.001137	-0.008046
0.590707	28	115	0.082163	0.001055	-0.008163
0.590707	29	108	0.082163	0.000981	-0.008277
0.590707	30	92	0.082163	0.000915	-0.008389
0.590707	31	96	0.082163	0.000856	-0.008498
0.590707	32	85	0.082163	0.000802	-0.008605
0.590707	33	65	0.082163	0.000752	-0.008711
0.590707	34	91	0.082163	0.000708	-0.008814
0.590707	35	81	0.082163	0.000667	-0.008916
0.590707	36	71	0.082163	0.000629	-0.009016
0.590707	37	50	0.082163	0.000595	-0.009114
0.590707	38	61	0.082163	0.000563	-0.009211
0.590707	39	53	0.082163	0.000534	-0.009306
0.590707	40	66	0.082163	0.000506	-0.009400
0.590707	41	73	0.082163	0.000481	-0.009492
0.590707	42	71	0.082163	0.000458	-0.009583
0.590707	43	52	0.082163	0.000436	-0.009672
0.590707	44	55	0.082163	0.000416	-0.009761
0.590707	45	46	0.082163	0.000398	-0.009848
0.590707	46	55	0.082163	0.000380	-0.009934
0.590707	47	44	0.082163	0.000363	-0.010019
0.590707	48	40	0.082163	0.000348	-0.010103
0.590707	49	40	0.082163	0.000334	-0.010185
0.590707	50	46	0.082163	0.000320	-0.010267
0.590707	51	51	0.082163	0.000307	-0.010348
0.590707	52	38	0.082163	0.000295	-0.010428
0.590707	53	44	0.082163	0.000284	-0.010507
0.590707	54	25	0.082163	0.000273	-0.010585
0.590707	55	39	0.082163	0.000263	-0.010662
0.590707	56	34	0.082163	0.000253	-0.010738
0.590707	57	35	0.082163	0.000244	-0.010813
0.590707	58	34	0.082163	0.000236	-0.010888
0.590707	59	25	0.082163	0.000228	-0.010962
0.590707	60	22	0.082163	0.000220	-0.011035
0.590707	61	16	0.082163	0.000213	-0.011107
0.590707	62	40	0.082163	0.000206	-0.011179
0.590707	63	33	0.082163	0.000199	-0.011250
0.590707	64	31	0.082163	0.000193	-0.011320
0.590707	65	21	0.082163	0.000187	-0.011390
0.590707	66	25	0.082163	0.000181	-0.011459
0.590707	67	33	0.082163	0.000175	-0.011527
0.590707	68	16	0.082163	0.000170	-0.011595
0.590707	69	22	0.082163	0.000165	-0.011662
0.590707	70	22	0.082163	0.000160	-0.011729
0.590707	71	24	0.082163	0.000156	-0.011795
0.590707	72	26	0.082163	0.000151	-0.011860
0.590707	73	23	0.082163	0.000147	-0.011925
0.590707	74	17	0.082163	0.000143	-0.011990
0.590707	75	13	0.082163	0.000139	-0.012053
0.590707	76	12	0.082163	0.000135	-0.012117
0.590707	77	15	0.082163	0.000132	-0.012180
0.590707	78	16	0.082163	0.000128	-0.012242
0.590707	79	23	0.082163	0.000125	-0.012304
0.590707	80	23	0.082163	0.000122	-0.012365
0.590707	81	10	0.082163	0.000119	-0.012426
0.590707	82	12	0.082163	0.000116	-0.012487
0.590707	83	17	0.082163	0.000113	-0.012547
0.590707	84	16	0.082163	0.000110	-0.012606
0.590707	85	21	0.082163	0.000107	-0.012665
0.590707	86	19	0.082163	0.000105	-0.012724
0.590707	87	21	0.082163	0.000102	-0.012782
0.590707	88	20	0.082163	0.000100	-0.012840
0.590707	89	13	0.082163	0.000098	-0.012898
0.590707	90	14	0.082163	0.000096	-0.012955
0.590707	91	13	0.082163	0.000093	-0.013012
0.590707	92	17	0.082163	0.000091	-0.013068
0.590707	93	20	0.082163	0.000089	-0.013124
0.590707	94	13	0.082163	0.000087	-0.013180
0.590707	95	22	0.082163	0.000085	-0.013235
0.590707	96	18	0.082163	0.000084	-0.013290
0.590707	97	12	0.082163	0.000082	-0.013345
0.590707	98	11	0.082163	0.000080	-0.013399
0.590707	99	13	0.082163	0.000079	-0.013453
0.590707	100	14	0.082163	0.000077	-0.013506
0.590707	101	16	0.082163	0.000075	-0.013560
0.590707	102	14	0.082163	0.000074	-0.013613
0.590707	103	13	0.082163	0.000072	-0.013665
0.590707	104	8	0.082163	0.000071	-0.013718
0.590707	105	11	0.082163	0.000070	-0.013770
0.590707	106	9	0.082163	0.000068	-0.013821
0.590707	107	16	0.082163	0.000067	-0.013873
0.590707	108	9	0.082163	0.000066	-0.013924
0.590707	109	9	0.082163	0.000064	-0.013975
0.590707	110	19	0.082163	0.000063	-0.014025
0.590707	111	11	0.082163	0.000062	-0.014076
0.590707	112	17	0.082163	0.000061	-0.014126
0.590707	113	12	0.082163	0.000060	-0.014175
0.590707	114	6	0.082163	0.000059	-0.014225
0.590707	115	5	0.082163	0.000058	-0.014274
0.590707	116	15	0.082163	0.000057	-0.014323
0.590707	117	5	0.082163	0.000056	-0.014372
0.590707	118	8	0.082163	0.000055	-0.014420
0.590707	119	7	0.082163	0.000054	-0.014469
0.590707	120	11	0.082163	0.000053	-0.014517
0.590707	121	9	0.082163	0.000052	-0.014564
0.590707	122	7	0.082163	0.000051	-0.014612
0.590707	123	8	0.082163	0.000050	-0.014659
0.590707	124	8	0.082163	0.000049	-0.014706
0.590707	125	12	0.082163	0.000049	-0.014753
0.590707	126	9	0.082163	0.000048	-0.014799
0.590707	127	6	0.082163	0.000047	-0.014846
0.590707	128	9	0.082163	0.000046	-0.014892
0.590707	129	6	0.082163	0.000046	-0.014938
0.590707	130	13	0.082163	0.000045	-0.014984
0.590707	131	8	0.082163	0.000044	-0.015029
0.590707	132	3	0.082163	0.000043	-0.015074
0.590707	133	5	0.082163	0.000043	-0.015119
0.590707	134	8	0.082163	0.000042	-0.015164
0.590707	135	9	0.082163	0.000041	-0.015209
0.590707	136	5	0.082163	0.000041	-0.015253
0.590707	137	12	0.082163	0.000040	-0.015298
0.590707	138	8	0.082163	0.000040	-0.015342
0.590707	139	10	0.082163	0.000039	-0.015386
0.590707	140	8	0.082163	0.000038	-0.015429
0.590707	141	6	0.082163	0.000038	-0.015473
0.590707	142	7	0.082163	0.000037	-0.015516
0.590707	143	8	0.082163	0.000037	-0.015559
0.590707	144	9	0.082163	0.000036	-0.015602
0.590707	145	6	0.082163	0.000036	-0.015645
0.590707	146	6	0.082163	0.000035	-0.015688
0.590707	147	6	0.082163	0.000035	-0.015730
0.590707	148	5	0.082163	0.000034	-0.015772
0.590707	149	6	0.082163	0.000034	-0.015814
0.590707	150	9	0.082163	0.000033	-0.015856
0.590707	151	6	0.082163	0.000033	-0.015898
0.590707	152	5	0.082163	0.000033	-0.015940
0.590707	153	4	0.082163	0.000032	-0.015981
0.590707	154	2	0.082163	0.000032	-0.016022
0.590707	155	7	0.082163	0.000031	-0.016063
0.590707	156	9	0.082163	0.000031	-0.016104
0.590707	157	6	0.082163	0.000030	-0.016145
0.590707	158	7	0.082163	0.000030	-0.016186
0.590707	159	9	0.082163	0.000030	-0.016226
0.590707	160	10	0.082163	0.000029	-0.016266
0.590707	161	8	0.082163	0.000029	-0.016306
0.590707	162	4	0.082163	0.000029	-0.016346
0.590707	163	5	0.082163	0.000028	-0.016386
0.590707	164	1	0.082163	0.000028	-0.016426
0.590707	165	5	0.082163	0.000027	-0.016465
0.590707	166	6	0.082163	0.000027	-0.016505
0.590707	167	6	0.082163	0.000027	-0.016544
0.590707	168	5	0.082163	0.000026	-0.016583
0.590707	169	7	0.082163	0.000026	-0.016622
0.590707	170	2	0.082163	0.000026	-0.016661
0.590707	171	5	0.082163	0.000026	-0.016700
0.590707	172	5	0.082163	0.000025	-0.016738
0.590707	173	1	0.082163	0.000025	-0.016777
0.590707	174	9	0.082163	0.000025	-0.016815
0.590707	175	2	0.082163	0.000024	-0.016853
0.590707	176	1	0.082163	0.000024	-0.016891
0.590707	177	7	0.082163	0.000024	-0.016929
0.590707	178	9	0.082163	0.000023	-0.016967
0.590707	179	8	0.082163	0.000023	-0.017005
0.590707	180	7	0.082163	0.000023	-0.017042
0.590707	181	5	0.082163	0.000023	-0.017080
0.590707	182	4	0.082163	0.000022	-0.017117
0.590707	183	8	0.082163	0.000022	-0.017154
0.590707	184	3	0.082163	0.000022	-0.017191
0.590707	185	7	0.082163	0.000022	-0.017228
0.590707	186	2	0.082163	0.000021	-0.017265
0.590707	187	3	0.082163	0.000021	-0.017301
0.590707	188	1	0.082163	0.000021	-0.017338
0.590707	189	5	0.082163	0.000021	-0.017374
0.590707	190	5	0.082163	0.000021	-0.017411
0.590707	191	3	0.082163	0.000020	-0.017447
0.590707	192	4	0.082163	0.000020	-0.017483
0.590707	193	7	0.082163	0.000020	-0.017519
0.590707	194	3	0.082163	0.000020	-0.017555
0.590707	195	3	0.082163	0.000019	-0.017590
0.590707	196	1	0.082163	0.000019	-0.017626
0.590707	197	1	0.082163	0.000019	-0.017662
0.590707	198	3	0.082163	0.000019	-0.017697
0.590707	199	3	0.082163	0.000019	-0.017732
0.590707	200	2	0.082163	0.000018	-0.017767
0.590707	201	5	0.082163	0.000018	-0.017803
0.590707	202	3	0.082163	0.000018	-0.017838
0.590707	203	3	0.082163	0.000018	-0.017872
0.590707	204	3	0.082163	0.000018	-0.017907
0.590707	205	4	0.082163	0.000018	-0.017942
0.590707	206	2	0.082163	0.000017	-0.017976
0.590707	207	3	0.082163	0.000017	-0.018011
0.590707	208	2	0.082163	0.000017	-0.018045
0.590707	209	6	0.082163	0.000017	-0.018080
0.590707	210	3	0.082163	0.000017	-0.018114
0.590707	211	1	0.082163	0.000017	-0.018148
0.590707	212	3	0.082163	0.000016	-0.018182
0.590707	213	3	0.082163	0.000016	-0.018216
0.590707	214	6	0.082163	0.000016	-0.018249
0.590707	215	2	0.082163	0.000016	-0.018283
0.590707	216	5	0.082163	0.000016	-0.018317
0.590707	217	3	0.082163	0.000016	-0.018350
0.590707	218	3	0.082163	0.000015	-0.018384
0.590707	219	2	0.082163	0.000015	-0.018417
0.590707	220	4	0.082163	0.000015	-0.018450
0.590707	221	2	0.082163	0.000015	-0.018483
0.590707	222	2	0.082163	0.000015	-0.018516
0.590707	223	1	0.082163	0.000015	-0.018549
0.590707	224	2	0.082163	0.000015	-0.018582
0.590707	225	1	0.082163	0.000015	-0.018615
0.590707	226	2	0.082163	0.000014	-0.018648
0.590707	227	0	0.082163	0.000014	-0.018680
0.590707	228	3	0.082163	0.000014	-0.018713
0.590707	229	4	0.082163	0.000014	-0.018745
0.590707	230	4	0.082163	0.000014	-0.018777
0.590707	231	4	0.082163	0.000014	-0.018810
0.590707	232	1	0.082163	0.000014	-0.018842
0.590707	233	5	0.082163	0.000014	-0.018874
0.590707	234	2	0.082163	0.000013	-0.018906
0.590707	235	4	0.082163	0.000013	-0.018938
0.590707	236	5	0.082163	0.000013	-0.018970
0.590707	237	4	0.082163	0.000013	-0.019002
0.590707	238	4	0.082163	0.000013	-0.019033
0.590707	239	5	0.082163	0.000013	-0.019065
0.590707	240	1	0.082163	0.000013	-0.019096
0.590707	241	4	0.082163	0.000013	-0.019128
0.590707	242	4	0.082163	0.000012	-0.019159
0.590707	243	0	0.082163	0.000012	-0.019190
0.590707	244	3	0.082163	0.000012	-0.019222
0.590707	245	5	0.082163	0.000012	-0.019253
0.590707	246	5	0.082163	0.000012	-0.019284
0.590707	247	2	0.082163	0.000012	-0.019315
0.590707	248	0	0.082163	0.000012	-0.019346
0.590707	249	3	0.082163	0.000012	-0.019376
0.590707	250	2	0.082163	0.000012	-0.019407
0.590707	251	3	0.082163	0.000012	-0.019438
0.590707	252	3	0.082163	0.000011	-0.019468
0.590707	253	4	0.082163	0.000011	-0.019499
0.590707	254	3	0.082163	0.000011	-0.019529
0.590707	255	4	0.082163	0.000011	-0.019560
0.590707	256	1	0.082163	0.000011	-0.019590
0.590707	257	3	0.082163	0.000011	-0.019620
0.590707	258	0	0.082163	0.000011	-0.019651
0.590707	259	3	0.082163	0.000011	-0.019681
0.590707	260	0	0.082163	0.000011	-0.019711
0.590707	261	1	0.082163	0.000011	-0.019741
0.590707	262	4	0.082163	0.000011	-0.019771
0.590707	263	3	0.082163	0.000011	-0.019800
0.590707	264	1	0.082163	0.000010	-0.019830
0.590707	265	2	0.082163	0.000010	-0.019860
0.590707	266	1	0.082163	0.000010	-0.019889
0.590707	267	3	0.082163	0.000010	-0.019919
0.590707	268	1	0.082163	0.000010	-0.019948
0.590707	269	2	0.082163	0.000010	-0.019978
0.590707	270	3	0.082163	0.000010	-0.020007
0.590707	271	1	0.082163	0.000010	-0.020036
0.590707	272	4	0.082163	0.000010	-0.020066
0.590707	273	2	0.082163	0.000010	-0.020095
0.590707	274	1	0.082163	0.000010	-0.020124
0.590707	275	4	0.082163	0.000010	-0.020153
0.590707	276	2	0.082163	0.000010	-0.020182
0.590707	277	1	0.082163	0.000009	-0.020211
0.590707	278	1	0.082163	0.000009	-0.020240
0.590707	279	4	0.082163	0.000009	-0.020268
0.590707	280	5	0.082163	0.000009	-0.020297
0.590707	281	3	0.082163	0.000009	-0.020326
0.590707	282	0	0.082163	0.000009	-0.020354
0.590707	283	6	0.082163	0.000009	-0.020383
0.590707	284	3	0.082163	0.000009	-0.020411
0.590707	285	1	0.082163	0.000009	-0.020440
0.590707	286	2	0.082163	0.000009	-0.020468
0.590707	287	5	0.082163	0.000009	-0.020496
0.590707	288	2	0.082163	0.000009	-0.020525
0.590707	289	3	0.082163	0.000009	-0.020553
0.590707	290	0	0.082163	0.000009	-0.020581
0.590707	291	3	0.082163	0.000009	-0.020609
0.590707	292	1	0.082163	0.000008	-0.020637
0.590707	293	4	0.082163	0.000008	-0.020665
0.590707	294	0	0.082163	0.000008	-0.020693
0.590707	295	1	0.082163	0.000008	-0.020720
0.590707	296	2	0.082163	0.000008	-0.020748
0.590707	297	3	0.082163	0.000008	-0.020776
0.590707	298	1	0.082163	0.000008	-0.020804
0.590707	299	2	0.082163	0.000008	-0.020831
0.590707	300	1	0.082163	0.000008	-0.020859
0.590707	301	2	0.082163	0.000008	-0.020886
0.590707	302	0	0.082163	0.000008	-0.020914
0.590707	303	1	0.082163	0.000008	-0.020941
0.590707	304	0	0.082163	0.000008	-0.020968
0.590707	305	2	0.082163	0.000008	-0.020996
0.590707	306	1	0.082163	0.000008	-0.021023
0.590707	307	2	0.082163	0.000008	-0.021050
0.590707	308	2	0.082163	0.000008	-0.021077
0.590707	309	1	0.082163	0.000008	-0.021104
0.590707	310	2	0.082163	0.000008	-0.021131
0.590707	311	2	0.082163	0.000007	-0.021158
0.590707	312	4	0.082163	0.000007	-0.021185
0.590707	313	4	0.082163	0.000007	-0.021212
0.590707	314	3	0.082163	0.000007	-0.021238
0.590707	315	1	0.082163	0.000007	-0.021265
0.590707	316	1	0.082163	0.000007	-0.021292
0.590707	317	2	0.082163	0.000007	-0.021319
0.590707	318	3	0.082163	0.000007	-0.021345
0.590707	319	2	0.082163	0.000007	-0.021372
0.590707	320	0	0.082163	0.000007	-0.021398
0.590707	321	1	0.082163	0.000007	-0.021425
0.590707	322	3	0.082163	0.000007	-0.021451
0.590707	323	3	0.082163	0.000007	-0.021477
0.590707	324	1	0.082163	0.000007	-0.021504
0.590707	325	2	0.082163	0.000007	-0.021530
0.590707	326	2	0.082163	0.000007	-0.021556
0.590707	327	3	0.082163	0.000007	-0.021582
0.590707	328	1	0.082163	0.000007	-0.021608
0.590707	329	4	0.082163	0.000007	-0.021634
0.590707	330	0	0.082163	0.000007	-0.021660
0.590707	331	2	0.082163	0.000007	-0.021686
0.590707	332	3	0.082163	0.000007	-0.021712
0.590707	333	2	0.082163	0.000006	-0.021738
0.590707	334	4	0.082163	0.000006	-0.021764
0.590707	335	4	0.082163	0.000006	-0.021789
0.590707	336	1	0.082163	0.000006	-0.021815
0.590707	337	2	0.082163	0.000006	-0.021841
0.590707	338	0	0.082163	0.000006	-0.021866
0.590707	339	1	0.082163	0.000006	-0.021892
0.590707	340	1	0.082163	0.000006	-0.021918
0.590707	341	0	0.082163	0.000006	-0.021943
0.590707	342	2	0.082163	0.000006	-0.021968
0.590707	343	0	0.082163	0.000006	-0.021994
0.590707	344	2	0.082163	0.000006	-0.022019
0.590707	345	3	0.082163	0.000006	-0.022044
0.590707	346	2	0.082163	0.000006	-0.022070
0.590707	347	3	0.082163	0.000006	-0.022095
0.590707	348	1	0.082163	0.000006	-0.022120
0.590707	349	1	0.082163	0.000006	-0.022145
0.590707	350	1	0.082163	0.000006	-0.022170
0.590707	351	2	0.082163	0.000006	-0.022195
0.590707	352	1	0.082163	0.000006	-0.022220
0.590707	353	0	0.082163	0.000006	-0.022245
0.590707	354	1	0.082163	0.000006	-0.022270
0.590707	355	1	0.082163	0.000006	-0.022295
0.590707	356	0	0.082163	0.000006	-0.022320
0.590707	357	1	0.082163	0.000006	-0.022345
0.590707	358	1	0.082163	0.000006	-0.022369
0.590707	359	1	0.082163	0.000006	-0.022394
0.590707	360	0	0.082163	0.000006	-0.022419
0.590707	361	0	0.082163	0.000005	-0.022443
0.590707	362	3	0.082163	0.000005	-0.022468
0.590707	363	0	0.082163	0.000005	-0.022492
0.590707	364	0	0.082163	0.000005	-0.022517
0.590707	365	2	0.082163	0.000005	-0.022541
0.590707	366	2	0.082163	0.000005	-0.022566
0.590707	367	5	0.082163	0.000005	-0.022590
0.590707	368	1	0.082163	0.000005	-0.022615
0.590707	369	4	0.082163	0.000005	-0.022639
0.590707	370	3	0.082163	0.000005	-0.022663
0.590707	371	2	0.082163	0.000005	-0.022687
0.590707	372	1	0.082163	0.000005	-0.022711
0.590707	373	2	0.082163	0.000005	-0.022736
0.590707	374	0	0.082163	0.000005	-0.022760
0.590707	375	1	0.082163	0.000005	-0.022784
0.590707	376	1	0.082163	0.000005	-0.022808
0.590707	377	1	0.082163	0.000005	-0.022832
0.590707	378	2	0.082163	0.000005	-0.022856
0.590707	379	1	0.082163	0.000005	-0.022880
0.590707	380	3	0.082163	0.000005	-0.022903
0.590707	381	1	0.082163	0.000005	-0.022927
0.590707	382	1	0.082163	0.000005	-0.022951
0.590707	383	2	0.082163	0.000005	-0.022975
0.590707	384	1	0.082163	0.000005	-0.022998
0.590707	385	1	0.082163	0.000005	-0.023022
0.590707	386	2	0.082163	0.000005	-0.023046
0.590707	387	0	0.082163	0.000005	-0.023069
0.590707	388	2	0.082163	0.000005	-0.023093
0.590707	389	1	0.082163	0.000005	-0.023117
0.590707	390	0	0.082163	0.000005	-0.023140
0.590707	391	0	0.082163	0.000005	-0.023163
0.590707	392	4	0.082163	0.000005	-0.023187
0.590707	393	0	0.082163	0.000005	-0.023210
0.590707	394	2	0.082163	0.000005	-0.023234
0.590707	395	2	0.082163	0.000005	-0.023257
0.590707	396	2	0.082163	0.000005	-0.023280
0.590707	397	2	0.082163	0.000005	-0.023303
0.590707	398	2	0.082163	0.000004	-0.023327
0.590707	399	3	0.082163	0.000004	-0.023350
0.590707	400	1	0.082163	0.000004	-0.023373
0.590707	401	0	0.082163	0.000004	-0.023396
0.590707	402	2	0.082163	0.000004	-0.023419
0.590707	403	1	0.082163	0.000004	-0.023442
0.590707	404	1	0.082163	0.000004	-0.023465
0.590707	405	2	0.082163	0.000004	-0.023488
0.590707	406	0	0.082163	0.000004	-0.023511
0.590707	407	1	0.082163	0.000004	-0.023534
0.590707	408	1	0.082163	0.000004	-0.023557
0.590707	409	0	0.082163	0.000004	-0.023580
0.590707	410	1	0.082163	0.000004	-0.023602
0.590707	411	1	0.082163	0.000004	-0.023625
0.590707	412	4	0.082163	0.000004	-0.023648
0.590707	413	1	0.082163	0.000004	-0.023671
0.590707	414	0	0.082163	0.000004	-0.023693
0.590707	415	2	0.082163	0.000004	-0.023716
0.590707	416	1	0.082163	0.000004	-0.023738
0.590707	417	0	0.082163	0.000004	-0.023761
0.590707	418	2	0.082163	0.000004	-0.023783
0.590707	419	0	0.082163	0.000004	-0.023806
0.590707	420	3	0.082163	0.000004	-0.023828
0.590707	421	1	0.082163	0.000004	-0.023851
0.590707	422	0	0.082163	0.000004	-0.023873
0.590707	423	3	0.082163	0.000004	-0.023896
0.590707	424	1	0.082163	0.000004	-0.023918
0.590707	425	1	0.082163	0.000004	-0.023940
0.590707	426	1	0.082163	0.000004	-0.023963
0.590707	427	1	0.082163	0.000004	-0.023985
0.590707	428	3	0.082163	0.000004	-0.024007
0.590707	429	4	0.082163	0.000004	-0.024029
0.590707	430	2	0.082163	0.000004	-0.024051
0.590707	431	0	0.082163	0.000004	-0.024073
0.590707	432	2	0.082163	0.000004	-0.024095
0.590707	433	1	0.082163	0.000004	-0.024118
0.590707	434	2	0.082163	0.000004	-0.024140
0.590707	435	0	0.082163	0.000004	-0.024162
0.590707	436	1	0.082163	0.000004	-0.024183
0.590707	437	1	0.082163	0.000004	-0.024205
0.590707	438	2	0.082163	0.000004	-0.024227
0.590707	439	0	0.082163	0.000004	-0.024249
