0.376565	1	120705	0.082163	1.000000	-0.363910
0.376565	2	35919	0.082163	0.240315	-0.478719
0.376565	3	21926	0.082163	0.104367	-0.562008
0.376565	4	14513	0.082163	0.057751	-0.629751
0.376565	5	9880	0.082163	0.036494	-0.687870
0.376565	6	7288	0.082163	0.025081	-0.739316
0.376565	7	5535	0.082163	0.018266	-0.785804
0.376565	8	4270	0.082163	0.013879	-0.828430
0.376565	9	3390	0.082163	0.010892	-0.867945
0.376565	10	2675	0.082163	0.008770	-0.904886
0.376565	11	2218	0.082163	0.007209	-0.939655
0.376565	12	1731	0.082163	0.006027	-0.972563
0.376565	13	1428	0.082163	0.005112	-1.003852
0.376565	14	1237	0.082163	0.004389	-1.033718
0.376565	15	984	0.082163	0.003809	-1.062320
0.376565	16	856	0.082163	0.003335	-1.089792
0.376565	17	721	0.082163	0.002944	-1.116244
0.376565	18	600	0.082163	0.002618	-1.141772
0.376565	19	518	0.082163	0.002342	-1.166457
0.376565	20	414	0.082163	0.002108	-1.190368
0.376565	21	380	0.082163	0.001906	-1.213567
0.376565	22	320	0.082163	0.001732	-1.236107
0.376565	23	264	0.082163	0.001581	-1.258036
0.376565	24	224	0.082163	0.001448	-1.279397
0.376565	25	199	0.082163	0.001332	-1.300226
0.376565	26	178	0.082163	0.001229	-1.320557
0.376565	27	176	0.082163	0.001137	-1.340421
0.376565	28	129	0.082163	0.001055	-1.359845
0.376565	29	104	0.082163	0.000981	-1.378854
0.376565	30	107	0.082163	0.000915	-1.397471
0.376565	31	91	0.082163	0.000856	-1.415717
0.376565	32	87	0.082163	0.000802	-1.433610
0.376565	33	80	0.082163	0.000752	-1.451168
0.376565	34	67	0.082163	0.000708	-1.468408
0.376565	35	44	0.082163	0.000667	-1.485344
0.376565	36	49	0.082163	0.000629	-1.501990
0.376565	37	47	0.082163	0.000595	-1.518358
0.376565	38	40	0.082163	0.000563	-1.534462
0.376565	39	24	0.082163	0.000534	-1.550311
0.376565	40	34	0.082163	0.000506	-1.565916
0.376565	41	18	0.082163	0.000481	-1.581288
0.376565	42	27	0.082163	0.000458	-1.596434
0.376565	43	28	0.082163	0.000436	-1.611364
0.376565	44	17	0.082163	0.000416	-1.626086
0.376565	45	18	0.082163	0.000398	-1.640607
0.376565	46	22	0.082163	0.000380	-1.654934
0.376565	47	12	0.082163	0.000363	-1.669074
0.376565	48	11	0.082163	0.000348	-1.683033
0.376565	49	10	0.082163	0.000334	-1.696818
0.376565	50	6	0.082163	0.000320	-1.710433
0.376565	51	12	0.082163	0.000307	-1.723885
0.376565	52	6	0.082163	0.000295	-1.737179
0.376565	53	5	0.082163	0.000284	-1.750319
0.376565	54	2	0.082163	0.000273	-1.763310
0.376565	55	8	0.082163	0.000263	-1.776156
0.376565	56	7	0.082163	0.000253	-1.788862
0.376565	57	6	0.082163	0.000244	-1.801431
0.376565	58	4	0.082163	0.000236	-1.813868
0.376565	59	3	0.082163	0.000228	-1.826176
0.376565	60	3	0.082163	0.000220	-1.838359
0.376565	61	2	0.082163	0.000213	-1.850419
0.376565	62	2	0.082163	0.000206	-1.862361
0.376565	63	1	0.082163	0.000199	-1.874186
0.376565	64	3	0.082163	0.000193	-1.885899
0.376565	65	0	0.082163	0.000187	-1.897502
0.376565	66	3	0.082163	0.000181	-1.908997
0.376565	67	1	0.082163	0.000175	-1.920387
0.376565	68	0	0.082163	0.000170	-1.931675
0.376565	69	1	0.082163	0.000165	-1.942864
0.376565	70	0	0.082163	0.000160	-1.953954
0.376565	71	1	0.082163	0.000156	-1.964950
0.376565	72	1	0.082163	0.000151	-1.975852
0.376565	73	1	0.082163	0.000147	-1.986663
0.376565	74	0	0.082163	0.000143	-1.997385
0.376565	75	0	0.082163	0.000139	-2.008019
0.376565	76	0	0.082163	0.000135	-2.018568
0.376565	77	0	0.082163	0.000132	-2.029034
0.376565	78	0	0.082163	0.000128	-2.039418
0.376565	79	0	0.082163	0.000125	-2.049722
0.376565	80	0	0.082163	0.000122	-2.059947
0.376565	81	0	0.082163	0.000119	-2.070095
0.376565	82	0	0.082163	0.000116	-2.080168
0.376565	83	0	0.082163	0.000113	-2.090167
0.376565	84	0	0.082163	0.000110	-2.100093
0.376565	85	0	0.082163	0.000107	-2.109948
0.376565	86	0	0.082163	0.000105	-2.119733
0.376565	87	0	0.082163	0.000102	-2.129450
0.376565	88	0	0.082163	0.000100	-2.139099
0.376565	89	0	0.082163	0.000098	-2.148683
0.376565	90	1	0.082163	0.000096	-2.158201
0.376565	91	0	0.082163	0.000093	-2.167656
0.376565	92	0	0.082163	0.000091	-2.177048
0.376565	93	0	0.082163	0.000089	-2.186379
0.376565	94	0	0.082163	0.000087	-2.195649
0.376565	95	0	0.082163	0.000085	-2.204860
0.376565	96	0	0.082163	0.000084	-2.214013
0.376565	97	0	0.082163	0.000082	-2.223108
0.376565	98	0	0.082163	0.000080	-2.232146
0.376565	99	0	0.082163	0.000079	-2.241129
0.376565	100	0	0.082163	0.000077	-2.250058
0.376565	101	0	0.082163	0.000075	-2.258932
0.376565	102	0	0.082163	0.000074	-2.267754
0.376565	103	0	0.082163	0.000072	-2.276523
0.376565	104	0	0.082163	0.000071	-2.285241
0.376565	105	0	0.082163	0.000070	-2.293909
0.376565	106	0	0.082163	0.000068	-2.302526
0.376565	107	0	0.082163	0.000067	-2.311095
0.376565	108	0	0.082163	0.000066	-2.319616
0.376565	109	0	0.082163	0.000064	-2.328089
0.376565	110	0	0.082163	0.000063	-2.336515
0.376565	111	0	0.082163	0.000062	-2.344895
0.376565	112	0	0.082163	0.000061	-2.353229
0.376565	113	0	0.082163	0.000060	-2.361519
0.376565	114	0	0.082163	0.000059	-2.369764
0.376565	115	0	0.082163	0.000058	-2.377966
0.376565	116	0	0.082163	0.000057	-2.386125
0.376565	117	0	0.082163	0.000056	-2.394241
0.376565	118	0	0.082163	0.000055	-2.402316
0.376565	119	0	0.082163	0.000054	-2.410349
0.376565	120	0	0.082163	0.000053	-2.418342
0.376565	121	0	0.082163	0.000052	-2.426295
0.376565	122	0	0.082163	0.000051	-2.434207
0.376565	123	0	0.082163	0.000050	-2.442081
0.376565	124	0	0.082163	0.000049	-2.449916
0.376565	125	0	0.082163	0.000049	-2.457713
0.376565	126	0	0.082163	0.000048	-2.465473
0.376565	127	0	0.082163	0.000047	-2.473195
0.376565	128	0	0.082163	0.000046	-2.480881
0.376565	129	0	0.082163	0.000046	-2.488530
0.376565	130	0	0.082163	0.000045	-2.496144
0.376565	131	0	0.082163	0.000044	-2.503722
0.376565	132	0	0.082163	0.000043	-2.511266
0.376565	133	0	0.082163	0.000043	-2.518775
0.376565	134	0	0.082163	0.000042	-2.526250
0.376565	135	0	0.082163	0.000041	-2.533691
0.376565	136	0	0.082163	0.000041	-2.541099
0.376565	137	0	0.082163	0.000040	-2.548474
0.376565	138	0	0.082163	0.000040	-2.555817
0.376565	139	0	0.082163	0.000039	-2.563128
0.376565	140	0	0.082163	0.000038	-2.570407
0.376565	141	0	0.082163	0.000038	-2.577655
0.376565	142	0	0.082163	0.000037	-2.584871
0.376565	143	0	0.082163	0.000037	-2.592057
0.376565	144	0	0.082163	0.000036	-2.599213
0.376565	145	0	0.082163	0.000036	-2.606338
0.376565	146	0	0.082163	0.000035	-2.613434
0.376565	147	0	0.082163	0.000035	-2.620501
0.376565	148	0	0.082163	0.000034	-2.627539
0.376565	149	0	0.082163	0.000034	-2.634548
0.376565	150	0	0.082163	0.000033	-2.641529
0.376565	151	0	0.082163	0.000033	-2.648481
0.376565	152	0	0.082163	0.000033	-2.655406
0.376565	153	0	0.082163	0.000032	-2.662303
0.376565	154	0	0.082163	0.000032	-2.669174
0.376565	155	0	0.082163	0.000031	-2.676017
0.376565	156	0	0.082163	0.000031	-2.682833
0.376565	157	0	0.082163	0.000030	-2.689624
0.376565	158	0	0.082163	0.000030	-2.696388
0.376565	159	0	0.082163	0.000030	-2.703126
0.376565	160	0	0.082163	0.000029	-2.709839
0.376565	161	0	0.082163	0.000029	-2.716526
0.376565	162	0	0.082163	0.000029	-2.723189
0.376565	163	0	0.082163	0.000028	-2.729826
0.376565	164	0	0.082163	0.000028	-2.736439
0.376565	165	0	0.082163	0.000027	-2.743028
0.376565	166	0	0.082163	0.000027	-2.749593
0.376565	167	0	0.082163	0.000027	-2.756134
0.376565	168	0	0.082163	0.000026	-2.762651
0.376565	169	0	0.082163	0.000026	-2.769144
0.376565	170	0	0.082163	0.000026	-2.775615
0.376565	171	0	0.082163	0.000026	-2.782063
0.376565	172	0	0.082163	0.000025	-2.788487
0.376565	173	0	0.082163	0.000025	-2.794890
0.376565	174	0	0.082163	0.000025	-2.801270
0.376565	175	0	0.082163	0.000024	-2.807627
0.376565	176	0	0.082163	0.000024	-2.813963
0.376565	177	0	0.082163	0.000024	-2.820278
0.376565	178	0	0.082163	0.000023	-2.826570
0.376565	179	0	0.082163	0.000023	-2.832842
0.376565	180	0	0.082163	0.000023	-2.839092
0.376565	181	0	0.082163	0.000023	-2.845321
0.376565	182	0	0.082163	0.000022	-2.851529
0.376565	183	0	0.082163	0.000022	-2.857717
0.376565	184	0	0.082163	0.000022	-2.863885
0.376565	185	0	0.082163	0.000022	-2.870032
0.376565	186	0	0.082163	0.000021	-2.876159
0.376565	187	0	0.082163	0.000021	-2.882267
0.376565	188	0	0.082163	0.000021	-2.888354
0.376565	189	0	0.082163	0.000021	-2.894422
0.376565	190	0	0.082163	0.000021	-2.900471
0.376565	191	0	0.082163	0.000020	-2.906501
0.376565	192	0	0.082163	0.000020	-2.912511
0.376565	193	0	0.082163	0.000020	-2.918503
0.376565	194	0	0.082163	0.000020	-2.924476
0.376565	195	0	0.082163	0.000019	-2.930430
0.376565	196	0	0.082163	0.000019	-2.936366
0.376565	197	0	0.082163	0.000019	-2.942283
0.376565	198	0	0.082163	0.000019	-2.948183
0.376565	199	0	0.082163	0.000019	-2.954064
0.376565	200	0	0.082163	0.000018	-2.959928
0.376565	201	0	0.082163	0.000018	-2.965774
0.376565	202	0	0.082163	0.000018	-2.971602
0.376565	203	0	0.082163	0.000018	-2.977413
0.376565	204	0	0.082163	0.000018	-2.983207
0.376565	205	0	0.082163	0.000018	-2.988983
0.376565	206	0	0.082163	0.000017	-2.994743
0.376565	207	0	0.082163	0.000017	-3.000485
0.376565	208	0	0.082163	0.000017	-3.006211
0.376565	209	0	0.082163	0.000017	-3.011920
0.376565	210	0	0.082163	0.000017	-3.017613
0.376565	211	0	0.082163	0.000017	-3.023290
0.376565	212	0	0.082163	0.000016	-3.028950
0.376565	213	0	0.082163	0.000016	-3.034594
0.376565	214	0	0.082163	0.000016	-3.040222
0.376565	215	0	0.082163	0.000016	-3.045834
0.376565	216	0	0.082163	0.000016	-3.051431
0.376565	217	0	0.082163	0.000016	-3.057012
0.376565	218	0	0.082163	0.000015	-3.062577
0.376565	219	0	0.082163	0.000015	-3.068127
0.376565	220	0	0.082163	0.000015	-3.073661
0.376565	221	0	0.082163	0.000015	-3.079181
0.376565	222	0	0.082163	0.000015	-3.084685
0.376565	223	0	0.082163	0.000015	-3.090175
0.376565	224	0	0.082163	0.000015	-3.095649
0.376565	225	0	0.082163	0.000015	-3.101109
0.376565	226	0	0.082163	0.000014	-3.106554
0.376565	227	0	0.082163	0.000014	-3.111985
0.376565	228	0	0.082163	0.000014	-3.117401
0.376565	229	0	0.082163	0.000014	-3.122803
0.376565	230	0	0.082163	0.000014	-3.128190
0.376565	231	0	0.082163	0.000014	-3.133564
0.376565	232	0	0.082163	0.000014	-3.138923
0.376565	233	0	0.082163	0.000014	-3.144269
0.376565	234	0	0.082163	0.000013	-3.149600
0.376565	235	0	0.082163	0.000013	-3.154918
0.376565	236	0	0.082163	0.000013	-3.160222
0.376565	237	0	0.082163	0.000013	-3.165513
0.376565	238	0	0.082163	0.000013	-3.170790
0.376565	239	0	0.082163	0.000013	-3.176054
0.376565	240	0	0.082163	0.000013	-3.181304
0.376565	241	0	0.082163	0.000013	-3.186541
0.376565	242	0	0.082163	0.000012	-3.191766
0.376565	243	0	0.082163	0.000012	-3.196977
0.376565	244	0	0.082163	0.000012	-3.202175
0.376565	245	0	0.082163	0.000012	-3.207360
0.376565	246	0	0.082163	0.000012	-3.212533
0.376565	247	0	0.082163	0.000012	-3.217692
0.376565	248	0	0.082163	0.000012	-3.222840
0.376565	249	0	0.082163	0.000012	-3.227974
0.376565	250	0	0.082163	0.000012	-3.233097
0.376565	251	0	0.082163	0.000012	-3.238207
0.376565	252	0	0.082163	0.000011	-3.243304
0.376565	253	0	0.082163	0.000011	-3.248390
0.376565	254	0	0.082163	0.000011	-3.253463
0.376565	255	0	0.082163	0.000011	-3.258524
0.376565	256	0	0.082163	0.000011	-3.263573
0.376565	257	0	0.082163	0.000011	-3.268610
0.376565	258	0	0.082163	0.000011	-3.273636
0.376565	259	0	0.082163	0.000011	-3.278650
0.376565	260	0	0.082163	0.000011	-3.283652
0.376565	261	0	0.082163	0.000011	-3.288642
0.376565	262	0	0.082163	0.000011	-3.293621
0.376565	263	0	0.082163	0.000011	-3.298588
0.376565	264	0	0.082163	0.000010	-3.303544
0.376565	265	0	0.082163	0.000010	-3.308489
0.376565	266	0	0.082163	0.000010	-3.313422
0.376565	267	0	0.082163	0.000010	-3.318345
0.376565	268	0	0.082163	0.000010	-3.323256
0.376565	269	0	0.082163	0.000010	-3.328156
0.376565	270	0	0.082163	0.000010	-3.333045
0.376565	271	0	0.082163	0.000010	-3.337923
0.376565	272	0	0.082163	0.000010	-3.342790
0.376565	273	0	0.082163	0.000010	-3.347646
0.376565	274	0	0.082163	0.000010	-3.352492
0.376565	275	0	0.082163	0.000010	-3.357327
0.376565	276	0	0.082163	0.000010	-3.362151
0.376565	277	0	0.082163	0.000009	-3.366965
0.376565	278	0	0.082163	0.000009	-3.371768
0.376565	279	0	0.082163	0.000009	-3.376561
0.376565	280	0	0.082163	0.000009	-3.381344
0.376565	281	0	0.082163	0.000009	-3.386116
0.376565	282	0	0.082163	0.000009	-3.390878
0.376565	283	0	0.082163	0.000009	-3.395630
0.376565	284	0	0.082163	0.000009	-3.400371
0.376565	285	0	0.082163	0.000009	-3.405103
0.376565	286	0	0.082163	0.000009	-3.409824
0.376565	287	0	0.082163	0.000009	-3.414536
0.376565	288	0	0.082163	0.000009	-3.419238
0.376565	289	0	0.082163	0.000009	-3.423929
0.376565	290	0	0.082163	0.000009	-3.428611
0.376565	291	0	0.082163	0.000009	-3.433284
0.376565	292	0	0.082163	0.000008	-3.437946
0.376565	293	0	0.082163	0.000008	-3.442599
0.376565	294	0	0.082163	0.000008	-3.447242
0.376565	295	0	0.082163	0.000008	-3.451876
0.376565	296	0	0.082163	0.000008	-3.456500
0.376565	297	0	0.082163	0.000008	-3.461115
0.376565	298	0	0.082163	0.000008	-3.465721
0.376565	299	0	0.082163	0.000008	-3.470317
0.376565	300	0	0.082163	0.000008	-3.474904
0.376565	301	0	0.082163	0.000008	-3.479481
0.376565	302	0	0.082163	0.000008	-3.484050
0.376565	303	0	0.082163	0.000008	-3.488609
0.376565	304	0	0.082163	0.000008	-3.493159
0.376565	305	0	0.082163	0.000008	-3.497701
0.376565	306	0	0.082163	0.000008	-3.502233
0.376565	307	0	0.082163	0.000008	-3.506756
0.376565	308	0	0.082163	0.000008	-3.511270
0.376565	309	0	0.082163	0.000008	-3.515776
0.376565	310	0	0.082163	0.000008	-3.520273
0.376565	311	0	0.082163	0.000007	-3.524761
0.376565	312	0	0.082163	0.000007	-3.529240
0.376565	313	0	0.082163	0.000007	-3.533710
0.376565	314	0	0.082163	0.000007	-3.538172
0.376565	315	0	0.082163	0.000007	-3.542626
0.376565	316	0	0.082163	0.000007	-3.547071
0.376565	317	0	0.082163	0.000007	-3.551507
0.376565	318	0	0.082163	0.000007	-3.555935
0.376565	319	0	0.082163	0.000007	-3.560354
0.376565	320	0	0.082163	0.000007	-3.564765
0.376565	321	0	0.082163	0.000007	-3.569168
0.376565	322	0	0.082163	0.000007	-3.573563
0.376565	323	0	0.082163	0.000007	-3.577949
0.376565	324	0	0.082163	0.000007	-3.582327
0.376565	325	0	0.082163	0.000007	-3.586697
0.376565	326	0	0.082163	0.000007	-3.591059
0.376565	327	0	0.082163	0.000007	-3.595412
0.376565	328	0	0.082163	0.000007	-3.599758
0.376565	329	0	0.082163	0.000007	-3.604096
0.376565	330	0	0.082163	0.000007	-3.608425
0.376565	331	0	0.082163	0.000007	-3.612747
0.376565	332	0	0.082163	0.000007	-3.617061
0.376565	333	0	0.082163	0.000006	-3.621367
0.376565	334	0	0.082163	0.000006	-3.625665
0.376565	335	0	0.082163	0.000006	-3.629956
0.376565	336	0	0.082163	0.000006	-3.634239
0.376565	337	0	0.082163	0.000006	-3.638514
0.376565	338	0	0.082163	0.000006	-3.642781
0.376565	339	0	0.082163	0.000006	-3.647041
0.376565	340	0	0.082163	0.000006	-3.651293
0.376565	341	0	0.082163	0.000006	-3.655538
0.376565	342	0	0.082163	0.000006	-3.659775
0.376565	343	0	0.082163	0.000006	-3.664004
0.376565	344	0	0.082163	0.000006	-3.668226
0.376565	345	0	0.082163	0.000006	-3.672441
0.376565	346	0	0.082163	0.000006	-3.676649
0.376565	347	0	0.082163	0.000006	-3.680849
0.376565	348	0	0.082163	0.000006	-3.685041
0.376565	349	0	0.082163	0.000006	-3.689227
0.376565	350	0	0.082163	0.000006	-3.693405
0.376565	351	0	0.082163	0.000006	-3.697576
0.376565	352	0	0.082163	0.000006	-3.701740
0.376565	353	0	0.082163	0.000006	-3.705897
0.376565	354	0	0.082163	0.000006	-3.710046
0.376565	355	0	0.082163	0.000006	-3.714189
0.376565	356	0	0.082163	0.000006	-3.718324
0.376565	357	0	0.082163	0.000006	-3.722453
0.376565	358	0	0.082163	0.000006	-3.726574
0.376565	359	0	0.082163	0.000006	-3.730688
0.376565	360	0	0.082163	0.000006	-3.734796
0.376565	361	0	0.082163	0.000005	-3.738897
0.376565	362	0	0.082163	0.000005	-3.742991
0.376565	363	0	0.082163	0.000005	-3.747078
0.376565	364	0	0.082163	0.000005	-3.751158
0.376565	365	0	0.082163	0.000005	-3.755231
0.376565	366	0	0.082163	0.000005	-3.759298
0.376565	367	0	0.082163	0.000005	-3.763358
0.376565	368	0	0.082163	0.000005	-3.767411
0.376565	369	0	0.082163	0.000005	-3.771458
0.376565	370	0	0.082163	0.000005	-3.775498
0.376565	371	0	0.082163	0.000005	-3.779531
0.376565	372	0	0.082163	0.000005	-3.783558
0.376565	373	0	0.082163	0.000005	-3.787578
0.376565	374	0	0.082163	0.000005	-3.791592
0.376565	375	0	0.082163	0.000005	-3.795600
0.376565	376	0	0.082163	0.000005	-3.799600
0.376565	377	0	0.082163	0.000005	-3.803595
0.376565	378	0	0.082163	0.000005	-3.807583
0.376565	379	0	0.082163	0.000005	-3.811565
0.376565	380	0	0.082163	0.000005	-3.815540
0.376565	381	0	0.082163	0.000005	-3.819509
0.376565	382	0	0.082163	0.000005	-3.823472
0.376565	383	0	0.082163	0.000005	-3.827428
0.376565	384	0	0.082163	0.000005	-3.831378
0.376565	385	0	0.082163	0.000005	-3.835322
0.376565	386	0	0.082163	0.000005	-3.839260
0.376565	387	0	0.082163	0.000005	-3.843192
0.376565	388	0	0.082163	0.000005	-3.847118
0.376565	389	0	0.082163	0.000005	-3.851037
0.376565	390	0	0.082163	0.000005	-3.854950
0.376565	391	0	0.082163	0.000005	-3.858858
0.376565	392	0	0.082163	0.000005	-3.862759
0.376565	393	0	0.082163	0.000005	-3.866654
0.376565	394	0	0.082163	0.000005	-3.870543
0.376565	395	0	0.082163	0.000005	-3.874427
0.376565	396	0	0.082163	0.000005	-3.878304
0.376565	397	0	0.082163	0.000005	-3.882175
0.376565	398	0	0.082163	0.000004	-3.886041
0.376565	399	0	0.082163	0.000004	-3.889901
0.376565	400	0	0.082163	0.000004	-3.893754
0.376565	401	0	0.082163	0.000004	-3.897602
0.376565	402	0	0.082163	0.000004	-3.901445
0.376565	403	0	0.082163	0.000004	-3.905281
0.376565	404	0	0.082163	0.000004	-3.909112
0.376565	405	0	0.082163	0.000004	-3.912937
0.376565	406	0	0.082163	0.000004	-3.916756
0.376565	407	0	0.082163	0.000004	-3.920570
0.376565	408	0	0.082163	0.000004	-3.924378
0.376565	409	0	0.082163	0.000004	-3.928180
0.376565	410	0	0.082163	0.000004	-3.931977
0.376565	411	0	0.082163	0.000004	-3.935768
0.376565	412	0	0.082163	0.000004	-3.939553
0.376565	413	0	0.082163	0.000004	-3.943333
0.376565	414	0	0.082163	0.000004	-3.947108
0.376565	415	0	0.082163	0.000004	-3.950876
0.376565	416	0	0.082163	0.000004	-3.954640
0.376565	417	0	0.082163	0.000004	-3.958398
0.376565	418	0	0.082163	0.000004	-3.962150
0.376565	419	0	0.082163	0.000004	-3.965898
0.376565	420	0	0.082163	0.000004	-3.969639
0.376565	421	0	0.082163	0.000004	-3.973376
0.376565	422	0	0.082163	0.000004	-3.977107
0.376565	423	0	0.082163	0.000004	-3.980832
0.376565	424	0	0.082163	0.000004	-3.984553
0.376565	425	0	0.082163	0.000004	-3.988268
0.376565	426	0	0.082163	0.000004	-3.991977
0.376565	427	0	0.082163	0.000004	-3.995682
0.376565	428	0	0.082163	0.000004	-3.999381
0.376565	429	0	0.082163	0.000004	-4.003075
0.376565	430	0	0.082163	0.000004	-4.006764
0.376565	431	0	0.082163	0.000004	-4.010447
0.376565	432	0	0.082163	0.000004	-4.014126
0.376565	433	0	0.082163	0.000004	-4.017799
0.376565	434	0	0.082163	0.000004	-4.021467
0.376565	435	0	0.082163	0.000004	-4.025131
0.376565	436	0	0.082163	0.000004	-4.028789
0.376565	437	0	0.082163	0.000004	-4.032442
0.376565	438	0	0.082163	0.000004	-4.036089
0.376565	439	0	0.082163	0.000004	-4.039732
