0.691717	1	14466	0.082163	1.000000	0.168441
0.691717	2	2311	0.082163	0.240315	0.221583
0.691717	3	1174	0.082163	0.104367	0.260135
0.691717	4	692	0.082163	0.057751	0.291490
0.691717	5	444	0.082163	0.036494	0.318391
0.691717	6	294	0.082163	0.025081	0.342204
0.691717	7	218	0.082163	0.018266	0.363722
0.691717	8	164	0.082163	0.013879	0.383452
0.691717	9	112	0.082163	0.010892	0.401742
0.691717	10	97	0.082163	0.008770	0.418841
0.691717	11	91	0.082163	0.007209	0.434934
0.691717	12	57	0.082163	0.006027	0.450166
0.691717	13	59	0.082163	0.005112	0.464649
0.691717	14	48	0.082163	0.004389	0.478473
0.691717	15	45	0.082163	0.003809	0.491712
0.691717	16	37	0.082163	0.003335	0.504427
0.691717	17	27	0.082163	0.002944	0.516671
0.691717	18	29	0.082163	0.002618	0.528487
0.691717	19	16	0.082163	0.002342	0.539913
0.691717	20	15	0.082163	0.002108	0.550981
0.691717	21	20	0.082163	0.001906	0.561719
0.691717	22	15	0.082163	0.001732	0.572152
0.691717	23	13	0.082163	0.001581	0.582302
0.691717	24	14	0.082163	0.001448	0.592189
0.691717	25	9	0.082163	0.001332	0.601830
0.691717	26	11	0.082163	0.001229	0.611241
0.691717	27	9	0.082163	0.001137	0.620435
0.691717	28	1	0.082163	0.001055	0.629426
0.691717	29	7	0.082163	0.000981	0.638225
0.691717	30	6	0.082163	0.000915	0.646842
0.691717	31	8	0.082163	0.000856	0.655287
0.691717	32	4	0.082163	0.000802	0.663569
0.691717	33	3	0.082163	0.000752	0.671696
0.691717	34	6	0.082163	0.000708	0.679676
0.691717	35	2	0.082163	0.000667	0.687515
0.691717	36	2	0.082163	0.000629	0.695220
0.691717	37	5	0.082163	0.000595	0.702796
0.691717	38	2	0.082163	0.000563	0.710250
0.691717	39	3	0.082163	0.000534	0.717586
0.691717	40	2	0.082163	0.000506	0.724809
0.691717	41	3	0.082163	0.000481	0.731924
0.691717	42	1	0.082163	0.000458	0.738935
0.691717	43	3	0.082163	0.000436	0.745846
0.691717	44	4	0.082163	0.000416	0.752660
0.691717	45	3	0.082163	0.000398	0.759381
0.691717	46	4	0.082163	0.000380	0.766013
0.691717	47	3	0.082163	0.000363	0.772557
0.691717	48	2	0.082163	0.000348	0.779019
0.691717	49	2	0.082163	0.000334	0.785399
0.691717	50	1	0.082163	0.000320	0.791701
0.691717	51	0	0.082163	0.000307	0.797928
0.691717	52	2	0.082163	0.000295	0.804081
0.691717	53	6	0.082163	0.000284	0.810163
0.691717	54	1	0.082163	0.000273	0.816176
0.691717	55	0	0.082163	0.000263	0.822122
0.691717	56	2	0.082163	0.000253	0.828003
0.691717	57	0	0.082163	0.000244	0.833821
0.691717	58	1	0.082163	0.000236	0.839578
0.691717	59	0	0.082163	0.000228	0.845275
0.691717	60	2	0.082163	0.000220	0.850914
0.691717	61	0	0.082163	0.000213	0.856496
0.691717	62	0	0.082163	0.000206	0.862023
0.691717	63	0	0.082163	0.000199	0.867497
0.691717	64	0	0.082163	0.000193	0.872918
0.691717	65	0	0.082163	0.000187	0.878289
0.691717	66	1	0.082163	0.000181	0.883610
0.691717	67	0	0.082163	0.000175	0.888882
0.691717	68	1	0.082163	0.000170	0.894107
0.691717	69	0	0.082163	0.000165	0.899285
0.691717	70	1	0.082163	0.000160	0.904419
0.691717	71	0	0.082163	0.000156	0.909508
0.691717	72	1	0.082163	0.000151	0.914555
0.691717	73	0	0.082163	0.000147	0.919559
0.691717	74	0	0.082163	0.000143	0.924521
0.691717	75	0	0.082163	0.000139	0.929444
0.691717	76	0	0.082163	0.000135	0.934327
0.691717	77	0	0.082163	0.000132	0.939171
0.691717	78	0	0.082163	0.000128	0.943977
0.691717	79	0	0.082163	0.000125	0.948746
0.691717	80	2	0.082163	0.000122	0.953479
0.691717	81	2	0.082163	0.000119	0.958177
0.691717	82	0	0.082163	0.000116	0.962839
0.691717	83	0	0.082163	0.000113	0.967467
0.691717	84	2	0.082163	0.000110	0.972062
0.691717	85	0	0.082163	0.000107	0.976623
0.691717	86	1	0.082163	0.000105	0.981152
0.691717	87	0	0.082163	0.000102	0.985650
0.691717	88	0	0.082163	0.000100	0.990116
0.691717	89	0	0.082163	0.000098	0.994552
0.691717	90	1	0.082163	0.000096	0.998958
0.691717	91	1	0.082163	0.000093	1.003334
0.691717	92	1	0.082163	0.000091	1.007682
0.691717	93	0	0.082163	0.000089	1.012000
0.691717	94	0	0.082163	0.000087	1.016291
0.691717	95	0	0.082163	0.000085	1.020555
0.691717	96	0	0.082163	0.000084	1.024791
0.691717	97	0	0.082163	0.000082	1.029001
0.691717	98	0	0.082163	0.000080	1.033185
0.691717	99	0	0.082163	0.000079	1.037342
0.691717	100	1	0.082163	0.000077	1.041475
0.691717	101	0	0.082163	0.000075	1.045583
0.691717	102	0	0.082163	0.000074	1.049666
0.691717	103	0	0.082163	0.000072	1.053725
0.691717	104	0	0.082163	0.000071	1.057760
0.691717	105	0	0.082163	0.000070	1.061772
0.691717	106	0	0.082163	0.000068	1.065761
0.691717	107	0	0.082163	0.000067	1.069727
0.691717	108	1	0.082163	0.000066	1.073671
0.691717	109	0	0.082163	0.000064	1.077593
0.691717	110	0	0.082163	0.000063	1.081493
0.691717	111	0	0.082163	0.000062	1.085372
0.691717	112	1	0.082163	0.000061	1.089230
0.691717	113	0	0.082163	0.000060	1.093067
0.691717	114	0	0.082163	0.000059	1.096883
0.691717	115	0	0.082163	0.000058	1.100680
0.691717	116	0	0.082163	0.000057	1.104456
0.691717	117	0	0.082163	0.000056	1.108213
0.691717	118	0	0.082163	0.000055	1.111950
0.691717	119	1	0.082163	0.000054	1.115669
0.691717	120	0	0.082163	0.000053	1.119368
0.691717	121	0	0.082163	0.000052	1.123049
0.691717	122	0	0.082163	0.000051	1.126712
0.691717	123	0	0.082163	0.000050	1.130356
0.691717	124	0	0.082163	0.000049	1.133983
0.691717	125	0	0.082163	0.000049	1.137592
0.691717	126	1	0.082163	0.000048	1.141183
0.691717	127	0	0.082163	0.000047	1.144758
0.691717	128	0	0.082163	0.000046	1.148315
0.691717	129	0	0.082163	0.000046	1.151856
0.691717	130	0	0.082163	0.000045	1.155380
0.691717	131	0	0.082163	0.000044	1.158888
0.691717	132	0	0.082163	0.000043	1.162379
0.691717	133	0	0.082163	0.000043	1.165855
0.691717	134	0	0.082163	0.000042	1.169315
0.691717	135	0	0.082163	0.000041	1.172759
0.691717	136	0	0.082163	0.000041	1.176188
0.691717	137	0	0.082163	0.000040	1.179602
0.691717	138	1	0.082163	0.000040	1.183001
0.691717	139	0	0.082163	0.000039	1.186385
0.691717	140	0	0.082163	0.000038	1.189754
0.691717	141	0	0.082163	0.000038	1.193109
0.691717	142	0	0.082163	0.000037	1.196449
0.691717	143	0	0.082163	0.000037	1.199775
0.691717	144	0	0.082163	0.000036	1.203087
0.691717	145	0	0.082163	0.000036	1.206385
0.691717	146	0	0.082163	0.000035	1.209670
0.691717	147	0	0.082163	0.000035	1.212941
0.691717	148	0	0.082163	0.000034	1.216198
0.691717	149	0	0.082163	0.000034	1.219443
0.691717	150	0	0.082163	0.000033	1.222674
0.691717	151	0	0.082163	0.000033	1.225892
0.691717	152	0	0.082163	0.000033	1.229097
0.691717	153	0	0.082163	0.000032	1.232290
0.691717	154	0	0.082163	0.000032	1.235470
0.691717	155	0	0.082163	0.000031	1.238637
0.691717	156	0	0.082163	0.000031	1.241792
0.691717	157	0	0.082163	0.000030	1.244935
0.691717	158	0	0.082163	0.000030	1.248066
0.691717	159	0	0.082163	0.000030	1.251185
0.691717	160	0	0.082163	0.000029	1.254292
0.691717	161	1	0.082163	0.000029	1.257388
0.691717	162	1	0.082163	0.000029	1.260471
0.691717	163	0	0.082163	0.000028	1.263544
0.691717	164	0	0.082163	0.000028	1.266605
0.691717	165	0	0.082163	0.000027	1.269654
0.691717	166	1	0.082163	0.000027	1.272693
0.691717	167	0	0.082163	0.000027	1.275720
0.691717	168	0	0.082163	0.000026	1.278737
0.691717	169	0	0.082163	0.000026	1.281743
0.691717	170	0	0.082163	0.000026	1.284738
0.691717	171	0	0.082163	0.000026	1.287722
0.691717	172	0	0.082163	0.000025	1.290696
0.691717	173	0	0.082163	0.000025	1.293659
0.691717	174	0	0.082163	0.000025	1.296612
0.691717	175	0	0.082163	0.000024	1.299555
0.691717	176	0	0.082163	0.000024	1.302488
0.691717	177	0	0.082163	0.000024	1.305410
0.691717	178	0	0.082163	0.000023	1.308323
0.691717	179	0	0.082163	0.000023	1.311226
0.691717	180	0	0.082163	0.000023	1.314119
0.691717	181	0	0.082163	0.000023	1.317002
0.691717	182	0	0.082163	0.000022	1.319876
0.691717	183	0	0.082163	0.000022	1.322740
0.691717	184	0	0.082163	0.000022	1.325595
0.691717	185	0	0.082163	0.000022	1.328440
0.691717	186	0	0.082163	0.000021	1.331276
0.691717	187	0	0.082163	0.000021	1.334103
0.691717	188	0	0.082163	0.000021	1.336921
0.691717	189	0	0.082163	0.000021	1.339730
0.691717	190	0	0.082163	0.000021	1.342529
0.691717	191	0	0.082163	0.000020	1.345320
0.691717	192	0	0.082163	0.000020	1.348102
0.691717	193	0	0.082163	0.000020	1.350876
0.691717	194	0	0.082163	0.000020	1.353640
0.691717	195	0	0.082163	0.000019	1.356396
0.691717	196	0	0.082163	0.000019	1.359144
0.691717	197	0	0.082163	0.000019	1.361883
0.691717	198	0	0.082163	0.000019	1.364613
0.691717	199	0	0.082163	0.000019	1.367336
0.691717	200	0	0.082163	0.000018	1.370050
0.691717	201	0	0.082163	0.000018	1.372756
0.691717	202	0	0.082163	0.000018	1.375453
0.691717	203	0	0.082163	0.000018	1.378143
0.691717	204	0	0.082163	0.000018	1.380825
0.691717	205	0	0.082163	0.000018	1.383498
0.691717	206	0	0.082163	0.000017	1.386164
0.691717	207	0	0.082163	0.000017	1.388822
0.691717	208	0	0.082163	0.000017	1.391473
0.691717	209	0	0.082163	0.000017	1.394115
0.691717	210	0	0.082163	0.000017	1.396750
0.691717	211	0	0.082163	0.000017	1.399378
0.691717	212	0	0.082163	0.000016	1.401998
0.691717	213	0	0.082163	0.000016	1.404610
0.691717	214	0	0.082163	0.000016	1.407215
0.691717	215	0	0.082163	0.000016	1.409813
0.691717	216	0	0.082163	0.000016	1.412403
0.691717	217	0	0.082163	0.000016	1.414987
0.691717	218	0	0.082163	0.000015	1.417563
0.691717	219	0	0.082163	0.000015	1.420131
0.691717	220	0	0.082163	0.000015	1.422693
0.691717	221	0	0.082163	0.000015	1.425248
0.691717	222	0	0.082163	0.000015	1.427796
0.691717	223	0	0.082163	0.000015	1.430337
0.691717	224	0	0.082163	0.000015	1.432871
0.691717	225	0	0.082163	0.000015	1.435398
0.691717	226	0	0.082163	0.000014	1.437918
0.691717	227	1	0.082163	0.000014	1.440432
0.691717	228	0	0.082163	0.000014	1.442939
0.691717	229	0	0.082163	0.000014	1.445439
0.691717	230	0	0.082163	0.000014	1.447933
0.691717	231	0	0.082163	0.000014	1.450420
0.691717	232	0	0.082163	0.000014	1.452901
0.691717	233	0	0.082163	0.000014	1.455375
0.691717	234	0	0.082163	0.000013	1.457843
0.691717	235	0	0.082163	0.000013	1.460304
0.691717	236	0	0.082163	0.000013	1.462759
0.691717	237	0	0.082163	0.000013	1.465208
0.691717	238	0	0.082163	0.000013	1.467651
0.691717	239	0	0.082163	0.000013	1.470087
0.691717	240	0	0.082163	0.000013	1.472517
0.691717	241	0	0.082163	0.000013	1.474942
0.691717	242	0	0.082163	0.000012	1.477360
0.691717	243	0	0.082163	0.000012	1.479772
0.691717	244	0	0.082163	0.000012	1.482178
0.691717	245	0	0.082163	0.000012	1.484578
0.691717	246	0	0.082163	0.000012	1.486972
0.691717	247	0	0.082163	0.000012	1.489360
0.691717	248	0	0.082163	0.000012	1.491743
0.691717	249	0	0.082163	0.000012	1.494119
0.691717	250	0	0.082163	0.000012	1.496490
0.691717	251	0	0.082163	0.000012	1.498856
0.691717	252	0	0.082163	0.000011	1.501215
0.691717	253	0	0.082163	0.000011	1.503569
0.691717	254	0	0.082163	0.000011	1.505917
0.691717	255	0	0.082163	0.000011	1.508260
0.691717	256	0	0.082163	0.000011	1.510597
0.691717	257	0	0.082163	0.000011	1.512928
0.691717	258	0	0.082163	0.000011	1.515255
0.691717	259	0	0.082163	0.000011	1.517575
0.691717	260	0	0.082163	0.000011	1.519891
0.691717	261	0	0.082163	0.000011	1.522200
0.691717	262	0	0.082163	0.000011	1.524505
0.691717	263	0	0.082163	0.000011	1.526804
0.691717	264	0	0.082163	0.000010	1.529098
0.691717	265	0	0.082163	0.000010	1.531387
0.691717	266	0	0.082163	0.000010	1.533670
0.691717	267	0	0.082163	0.000010	1.535949
0.691717	268	0	0.082163	0.000010	1.538222
0.691717	269	0	0.082163	0.000010	1.540490
0.691717	270	0	0.082163	0.000010	1.542753
0.691717	271	0	0.082163	0.000010	1.545011
0.691717	272	0	0.082163	0.000010	1.547264
0.691717	273	0	0.082163	0.000010	1.549511
0.691717	274	0	0.082163	0.000010	1.551754
0.691717	275	0	0.082163	0.000010	1.553992
0.691717	276	0	0.082163	0.000010	1.556225
0.691717	277	0	0.082163	0.000009	1.558454
0.691717	278	0	0.082163	0.000009	1.560677
0.691717	279	1	0.082163	0.000009	1.562895
0.691717	280	0	0.082163	0.000009	1.565109
0.691717	281	0	0.082163	0.000009	1.567318
0.691717	282	0	0.082163	0.000009	1.569522
0.691717	283	0	0.082163	0.000009	1.571721
0.691717	284	0	0.082163	0.000009	1.573916
0.691717	285	0	0.082163	0.000009	1.576106
0.691717	286	0	0.082163	0.000009	1.578292
0.691717	287	1	0.082163	0.000009	1.580472
0.691717	288	0	0.082163	0.000009	1.582649
0.691717	289	0	0.082163	0.000009	1.584820
0.691717	290	0	0.082163	0.000009	1.586988
0.691717	291	0	0.082163	0.000009	1.589150
0.691717	292	0	0.082163	0.000008	1.591308
0.691717	293	0	0.082163	0.000008	1.593462
0.691717	294	0	0.082163	0.000008	1.595611
0.691717	295	0	0.082163	0.000008	1.597756
0.691717	296	0	0.082163	0.000008	1.599896
0.691717	297	0	0.082163	0.000008	1.602032
0.691717	298	0	0.082163	0.000008	1.604164
0.691717	299	0	0.082163	0.000008	1.606292
0.691717	300	0	0.082163	0.000008	1.608415
0.691717	301	0	0.082163	0.000008	1.610534
0.691717	302	0	0.082163	0.000008	1.612648
0.691717	303	0	0.082163	0.000008	1.614758
0.691717	304	0	0.082163	0.000008	1.616865
0.691717	305	0	0.082163	0.000008	1.618967
0.691717	306	0	0.082163	0.000008	1.621064
0.691717	307	0	0.082163	0.000008	1.623158
0.691717	308	0	0.082163	0.000008	1.625248
0.691717	309	0	0.082163	0.000008	1.627333
0.691717	310	0	0.082163	0.000008	1.629414
0.691717	311	0	0.082163	0.000007	1.631492
0.691717	312	0	0.082163	0.000007	1.633565
0.691717	313	0	0.082163	0.000007	1.635634
0.691717	314	0	0.082163	0.000007	1.637700
0.691717	315	0	0.082163	0.000007	1.639761
0.691717	316	0	0.082163	0.000007	1.641818
0.691717	317	0	0.082163	0.000007	1.643872
0.691717	318	0	0.082163	0.000007	1.645921
0.691717	319	0	0.082163	0.000007	1.647967
0.691717	320	0	0.082163	0.000007	1.650009
0.691717	321	0	0.082163	0.000007	1.652046
0.691717	322	0	0.082163	0.000007	1.654080
0.691717	323	0	0.082163	0.000007	1.656111
0.691717	324	0	0.082163	0.000007	1.658137
0.691717	325	0	0.082163	0.000007	1.660160
0.691717	326	0	0.082163	0.000007	1.662179
0.691717	327	0	0.082163	0.000007	1.664194
0.691717	328	0	0.082163	0.000007	1.666205
0.691717	329	0	0.082163	0.000007	1.668213
0.691717	330	0	0.082163	0.000007	1.670217
0.691717	331	0	0.082163	0.000007	1.672218
0.691717	332	0	0.082163	0.000007	1.674214
0.691717	333	0	0.082163	0.000006	1.676208
0.691717	334	0	0.082163	0.000006	1.678197
0.691717	335	0	0.082163	0.000006	1.680183
0.691717	336	0	0.082163	0.000006	1.682165
0.691717	337	0	0.082163	0.000006	1.684144
0.691717	338	0	0.082163	0.000006	1.686119
0.691717	339	0	0.082163	0.000006	1.688091
0.691717	340	0	0.082163	0.000006	1.690059
0.691717	341	0	0.082163	0.000006	1.692024
0.691717	342	0	0.082163	0.000006	1.693985
0.691717	343	0	0.082163	0.000006	1.695943
0.691717	344	0	0.082163	0.000006	1.697897
0.691717	345	0	0.082163	0.000006	1.699848
0.691717	346	0	0.082163	0.000006	1.701795
0.691717	347	0	0.082163	0.000006	1.703740
0.691717	348	0	0.082163	0.000006	1.705680
0.691717	349	0	0.082163	0.000006	1.707618
0.691717	350	0	0.082163	0.000006	1.709551
0.691717	351	0	0.082163	0.000006	1.711482
0.691717	352	0	0.082163	0.000006	1.713409
0.691717	353	0	0.082163	0.000006	1.715333
0.691717	354	0	0.082163	0.000006	1.717254
0.691717	355	0	0.082163	0.000006	1.719171
0.691717	356	0	0.082163	0.000006	1.721086
0.691717	357	0	0.082163	0.000006	1.722997
0.691717	358	0	0.082163	0.000006	1.724904
0.691717	359	0	0.082163	0.000006	1.726809
0.691717	360	0	0.082163	0.000006	1.728710
0.691717	361	0	0.082163	0.000005	1.730608
0.691717	362	0	0.082163	0.000005	1.732503
0.691717	363	0	0.082163	0.000005	1.734395
0.691717	364	0	0.082163	0.000005	1.736283
0.691717	365	0	0.082163	0.000005	1.738169
0.691717	366	0	0.082163	0.000005	1.740051
0.691717	367	0	0.082163	0.000005	1.741930
0.691717	368	0	0.082163	0.000005	1.743806
0.691717	369	0	0.082163	0.000005	1.745679
0.691717	370	0	0.082163	0.000005	1.747549
0.691717	371	0	0.082163	0.000005	1.749416
0.691717	372	0	0.082163	0.000005	1.751280
0.691717	373	0	0.082163	0.000005	1.753141
0.691717	374	0	0.082163	0.000005	1.754999
0.691717	375	0	0.082163	0.000005	1.756854
0.691717	376	0	0.082163	0.000005	1.758706
0.691717	377	0	0.082163	0.000005	1.760555
0.691717	378	0	0.082163	0.000005	1.762401
0.691717	379	0	0.082163	0.000005	1.764244
0.691717	380	0	0.082163	0.000005	1.766084
0.691717	381	0	0.082163	0.000005	1.767921
0.691717	382	0	0.082163	0.000005	1.769755
0.691717	383	0	0.082163	0.000005	1.771586
0.691717	384	0	0.082163	0.000005	1.773415
0.691717	385	0	0.082163	0.000005	1.775240
0.691717	386	0	0.082163	0.000005	1.777063
0.691717	387	0	0.082163	0.000005	1.778883
0.691717	388	0	0.082163	0.000005	1.780700
0.691717	389	0	0.082163	0.000005	1.782514
0.691717	390	0	0.082163	0.000005	1.784325
0.691717	391	0	0.082163	0.000005	1.786134
0.691717	392	0	0.082163	0.000005	1.787940
0.691717	393	0	0.082163	0.000005	1.789742
0.691717	394	0	0.082163	0.000005	1.791543
0.691717	395	0	0.082163	0.000005	1.793340
0.691717	396	0	0.082163	0.000005	1.795135
0.691717	397	0	0.082163	0.000005	1.796927
0.691717	398	0	0.082163	0.000004	1.798716
0.691717	399	0	0.082163	0.000004	1.800503
0.691717	400	0	0.082163	0.000004	1.802286
0.691717	401	0	0.082163	0.000004	1.804067
0.691717	402	0	0.082163	0.000004	1.805846
0.691717	403	0	0.082163	0.000004	1.807622
0.691717	404	0	0.082163	0.000004	1.809395
0.691717	405	0	0.082163	0.000004	1.811165
0.691717	406	0	0.082163	0.000004	1.812933
0.691717	407	0	0.082163	0.000004	1.814698
0.691717	408	0	0.082163	0.000004	1.816461
0.691717	409	0	0.082163	0.000004	1.818221
0.691717	410	0	0.082163	0.000004	1.819978
0.691717	411	0	0.082163	0.000004	1.821733
0.691717	412	0	0.082163	0.000004	1.823485
0.691717	413	0	0.082163	0.000004	1.825235
0.691717	414	0	0.082163	0.000004	1.826982
0.691717	415	0	0.082163	0.000004	1.828726
0.691717	416	0	0.082163	0.000004	1.830468
0.691717	417	0	0.082163	0.000004	1.832208
0.691717	418	0	0.082163	0.000004	1.833945
0.691717	419	0	0.082163	0.000004	1.835679
0.691717	420	0	0.082163	0.000004	1.837411
0.691717	421	0	0.082163	0.000004	1.839140
0.691717	422	0	0.082163	0.000004	1.840867
0.691717	423	0	0.082163	0.000004	1.842592
0.691717	424	0	0.082163	0.000004	1.844314
0.691717	425	0	0.082163	0.000004	1.846033
0.691717	426	0	0.082163	0.000004	1.847750
0.691717	427	0	0.082163	0.000004	1.849465
0.691717	428	0	0.082163	0.000004	1.851177
0.691717	429	0	0.082163	0.000004	1.852887
0.691717	430	0	0.082163	0.000004	1.854595
0.691717	431	0	0.082163	0.000004	1.856300
0.691717	432	0	0.082163	0.000004	1.858002
0.691717	433	0	0.082163	0.000004	1.859702
0.691717	434	0	0.082163	0.000004	1.861400
0.691717	435	0	0.082163	0.000004	1.863096
0.691717	436	0	0.082163	0.000004	1.864789
0.691717	437	0	0.082163	0.000004	1.866480
0.691717	438	0	0.082163	0.000004	1.868168
0.691717	439	0	0.082163	0.000004	1.869855
