0.437171	1	94291	0.082163	1.000000	-0.261535
0.437171	2	26691	0.082163	0.240315	-0.344047
0.437171	3	17074	0.082163	0.104367	-0.403905
0.437171	4	11441	0.082163	0.057751	-0.452590
0.437171	5	8260	0.082163	0.036494	-0.494359
0.437171	6	6135	0.082163	0.025081	-0.531332
0.437171	7	4894	0.082163	0.018266	-0.564743
0.437171	8	3789	0.082163	0.013879	-0.595377
0.437171	9	3211	0.082163	0.010892	-0.623775
0.437171	10	2686	0.082163	0.008770	-0.650324
0.437171	11	2305	0.082163	0.007209	-0.675312
0.437171	12	2005	0.082163	0.006027	-0.698962
0.437171	13	1595	0.082163	0.005112	-0.721449
0.437171	14	1432	0.082163	0.004389	-0.742913
0.437171	15	1305	0.082163	0.003809	-0.763469
0.437171	16	1176	0.082163	0.003335	-0.783212
0.437171	17	980	0.082163	0.002944	-0.802223
0.437171	18	860	0.082163	0.002618	-0.820570
0.437171	19	792	0.082163	0.002342	-0.838310
0.437171	20	690	0.082163	0.002108	-0.855494
0.437171	21	613	0.082163	0.001906	-0.872167
0.437171	22	523	0.082163	0.001732	-0.888366
0.437171	23	491	0.082163	0.001581	-0.904127
0.437171	24	469	0.082163	0.001448	-0.919478
0.437171	25	422	0.082163	0.001332	-0.934447
0.437171	26	377	0.082163	0.001229	-0.949059
0.437171	27	378	0.082163	0.001137	-0.963335
0.437171	28	343	0.082163	0.001055	-0.977294
0.437171	29	298	0.082163	0.000981	-0.990956
0.437171	30	286	0.082163	0.000915	-1.004336
0.437171	31	235	0.082163	0.000856	-1.017448
0.437171	32	217	0.082163	0.000802	-1.030308
0.437171	33	192	0.082163	0.000752	-1.042927
0.437171	34	202	0.082163	0.000708	-1.055317
0.437171	35	184	0.082163	0.000667	-1.067488
0.437171	36	157	0.082163	0.000629	-1.079451
0.437171	37	149	0.082163	0.000595	-1.091215
0.437171	38	149	0.082163	0.000563	-1.102788
0.437171	39	117	0.082163	0.000534	-1.114179
0.437171	40	128	0.082163	0.000506	-1.125394
0.437171	41	94	0.082163	0.000481	-1.136441
0.437171	42	98	0.082163	0.000458	-1.147327
0.437171	43	84	0.082163	0.000436	-1.158057
0.437171	44	93	0.082163	0.000416	-1.168637
0.437171	45	72	0.082163	0.000398	-1.179073
0.437171	46	68	0.082163	0.000380	-1.189369
0.437171	47	78	0.082163	0.000363	-1.199531
0.437171	48	77	0.082163	0.000348	-1.209564
0.437171	49	62	0.082163	0.000334	-1.219471
0.437171	50	59	0.082163	0.000320	-1.229256
0.437171	51	53	0.082163	0.000307	-1.238924
0.437171	52	50	0.082163	0.000295	-1.248477
0.437171	53	57	0.082163	0.000284	-1.257921
0.437171	54	41	0.082163	0.000273	-1.267257
0.437171	55	31	0.082163	0.000263	-1.276489
0.437171	56	45	0.082163	0.000253	-1.285621
0.437171	57	45	0.082163	0.000244	-1.294654
0.437171	58	37	0.082163	0.000236	-1.303592
0.437171	59	32	0.082163	0.000228	-1.312438
0.437171	60	39	0.082163	0.000220	-1.321193
0.437171	61	32	0.082163	0.000213	-1.329861
0.437171	62	32	0.082163	0.000206	-1.338443
0.437171	63	34	0.082163	0.000199	-1.346942
0.437171	64	24	0.082163	0.000193	-1.355360
0.437171	65	29	0.082163	0.000187	-1.363698
0.437171	66	19	0.082163	0.000181	-1.371960
0.437171	67	27	0.082163	0.000175	-1.380146
0.437171	68	15	0.082163	0.000170	-1.388258
0.437171	69	14	0.082163	0.000165	-1.396299
0.437171	70	17	0.082163	0.000160	-1.404270
0.437171	71	9	0.082163	0.000156	-1.412172
0.437171	72	14	0.082163	0.000151	-1.420007
0.437171	73	12	0.082163	0.000147	-1.427777
0.437171	74	8	0.082163	0.000143	-1.435482
0.437171	75	14	0.082163	0.000139	-1.443125
0.437171	76	16	0.082163	0.000135	-1.450707
0.437171	77	6	0.082163	0.000132	-1.458228
0.437171	78	7	0.082163	0.000128	-1.465691
0.437171	79	13	0.082163	0.000125	-1.473096
0.437171	80	12	0.082163	0.000122	-1.480444
0.437171	81	7	0.082163	0.000119	-1.487738
0.437171	82	9	0.082163	0.000116	-1.494977
0.437171	83	6	0.082163	0.000113	-1.502163
0.437171	84	9	0.082163	0.000110	-1.509297
0.437171	85	6	0.082163	0.000107	-1.516379
0.437171	86	2	0.082163	0.000105	-1.523412
0.437171	87	9	0.082163	0.000102	-1.530395
0.437171	88	7	0.082163	0.000100	-1.537330
0.437171	89	3	0.082163	0.000098	-1.544217
0.437171	90	3	0.082163	0.000096	-1.551058
0.437171	91	3	0.082163	0.000093	-1.557853
0.437171	92	7	0.082163	0.000091	-1.564603
0.437171	93	1	0.082163	0.000089	-1.571309
0.437171	94	8	0.082163	0.000087	-1.577971
0.437171	95	4	0.082163	0.000085	-1.584591
0.437171	96	2	0.082163	0.000084	-1.591169
0.437171	97	6	0.082163	0.000082	-1.597705
0.437171	98	5	0.082163	0.000080	-1.604201
0.437171	99	6	0.082163	0.000079	-1.610657
0.437171	100	1	0.082163	0.000077	-1.617073
0.437171	101	3	0.082163	0.000075	-1.623451
0.437171	102	3	0.082163	0.000074	-1.629791
0.437171	103	3	0.082163	0.000072	-1.636094
0.437171	104	3	0.082163	0.000071	-1.642359
0.437171	105	5	0.082163	0.000070	-1.648588
0.437171	106	2	0.082163	0.000068	-1.654782
0.437171	107	0	0.082163	0.000067	-1.660940
0.437171	108	1	0.082163	0.000066	-1.667064
0.437171	109	0	0.082163	0.000064	-1.673153
0.437171	110	1	0.082163	0.000063	-1.679209
0.437171	111	1	0.082163	0.000062	-1.685231
0.437171	112	1	0.082163	0.000061	-1.691221
0.437171	113	2	0.082163	0.000060	-1.697179
0.437171	114	0	0.082163	0.000059	-1.703104
0.437171	115	1	0.082163	0.000058	-1.708999
0.437171	116	1	0.082163	0.000057	-1.714863
0.437171	117	0	0.082163	0.000056	-1.720696
0.437171	118	0	0.082163	0.000055	-1.726499
0.437171	119	0	0.082163	0.000054	-1.732272
0.437171	120	1	0.082163	0.000053	-1.738016
0.437171	121	0	0.082163	0.000052	-1.743732
0.437171	122	3	0.082163	0.000051	-1.749418
0.437171	123	2	0.082163	0.000050	-1.755077
0.437171	124	0	0.082163	0.000049	-1.760708
0.437171	125	2	0.082163	0.000049	-1.766312
0.437171	126	2	0.082163	0.000048	-1.771888
0.437171	127	1	0.082163	0.000047	-1.777438
0.437171	128	0	0.082163	0.000046	-1.782962
0.437171	129	0	0.082163	0.000046	-1.788459
0.437171	130	0	0.082163	0.000045	-1.793931
0.437171	131	1	0.082163	0.000044	-1.799377
0.437171	132	0	0.082163	0.000043	-1.804799
0.437171	133	0	0.082163	0.000043	-1.810195
0.437171	134	2	0.082163	0.000042	-1.815567
0.437171	135	0	0.082163	0.000041	-1.820915
0.437171	136	1	0.082163	0.000041	-1.826239
0.437171	137	0	0.082163	0.000040	-1.831540
0.437171	138	1	0.082163	0.000040	-1.836817
0.437171	139	0	0.082163	0.000039	-1.842071
0.437171	140	0	0.082163	0.000038	-1.847302
0.437171	141	0	0.082163	0.000038	-1.852511
0.437171	142	0	0.082163	0.000037	-1.857698
0.437171	143	0	0.082163	0.000037	-1.862862
0.437171	144	0	0.082163	0.000036	-1.868005
0.437171	145	0	0.082163	0.000036	-1.873126
0.437171	146	0	0.082163	0.000035	-1.878225
0.437171	147	0	0.082163	0.000035	-1.883304
0.437171	148	0	0.082163	0.000034	-1.888362
0.437171	149	0	0.082163	0.000034	-1.893399
0.437171	150	0	0.082163	0.000033	-1.898416
0.437171	151	0	0.082163	0.000033	-1.903413
0.437171	152	0	0.082163	0.000033	-1.908390
0.437171	153	0	0.082163	0.000032	-1.913347
0.437171	154	0	0.082163	0.000032	-1.918284
0.437171	155	0	0.082163	0.000031	-1.923202
0.437171	156	0	0.082163	0.000031	-1.928101
0.437171	157	0	0.082163	0.000030	-1.932981
0.437171	158	0	0.082163	0.000030	-1.937842
0.437171	159	0	0.082163	0.000030	-1.942685
0.437171	160	0	0.082163	0.000029	-1.947510
0.437171	161	0	0.082163	0.000029	-1.952316
0.437171	162	0	0.082163	0.000029	-1.957104
0.437171	163	0	0.082163	0.000028	-1.961874
0.437171	164	1	0.082163	0.000028	-1.966627
0.437171	165	0	0.082163	0.000027	-1.971362
0.437171	166	0	0.082163	0.000027	-1.976080
0.437171	167	0	0.082163	0.000027	-1.980781
0.437171	168	0	0.082163	0.000026	-1.985464
0.437171	169	0	0.082163	0.000026	-1.990131
0.437171	170	0	0.082163	0.000026	-1.994781
0.437171	171	0	0.082163	0.000026	-1.999415
0.437171	172	0	0.082163	0.000025	-2.004033
0.437171	173	0	0.082163	0.000025	-2.008634
0.437171	174	0	0.082163	0.000025	-2.013219
0.437171	175	0	0.082163	0.000024	-2.017788
0.437171	176	0	0.082163	0.000024	-2.022342
0.437171	177	0	0.082163	0.000024	-2.026880
0.437171	178	0	0.082163	0.000023	-2.031402
0.437171	179	0	0.082163	0.000023	-2.035909
0.437171	180	0	0.082163	0.000023	-2.040401
0.437171	181	0	0.082163	0.000023	-2.044878
0.437171	182	0	0.082163	0.000022	-2.049340
0.437171	183	0	0.082163	0.000022	-2.053787
0.437171	184	0	0.082163	0.000022	-2.058219
0.437171	185	0	0.082163	0.000022	-2.062637
0.437171	186	0	0.082163	0.000021	-2.067041
0.437171	187	0	0.082163	0.000021	-2.071430
0.437171	188	0	0.082163	0.000021	-2.075805
0.437171	189	0	0.082163	0.000021	-2.080166
0.437171	190	0	0.082163	0.000021	-2.084513
0.437171	191	0	0.082163	0.000020	-2.088847
0.437171	192	0	0.082163	0.000020	-2.093166
0.437171	193	0	0.082163	0.000020	-2.097472
0.437171	194	0	0.082163	0.000020	-2.101765
0.437171	195	0	0.082163	0.000019	-2.106044
0.437171	196	0	0.082163	0.000019	-2.110310
0.437171	197	0	0.082163	0.000019	-2.114563
0.437171	198	0	0.082163	0.000019	-2.118802
0.437171	199	0	0.082163	0.000019	-2.123029
0.437171	200	0	0.082163	0.000018	-2.127243
0.437171	201	0	0.082163	0.000018	-2.131445
0.437171	202	0	0.082163	0.000018	-2.135634
0.437171	203	0	0.082163	0.000018	-2.139810
0.437171	204	0	0.082163	0.000018	-2.143974
0.437171	205	0	0.082163	0.000018	-2.148125
0.437171	206	0	0.082163	0.000017	-2.152264
0.437171	207	0	0.082163	0.000017	-2.156391
0.437171	208	0	0.082163	0.000017	-2.160507
0.437171	209	0	0.082163	0.000017	-2.164610
0.437171	210	0	0.082163	0.000017	-2.168701
0.437171	211	0	0.082163	0.000017	-2.172781
0.437171	212	0	0.082163	0.000016	-2.176848
0.437171	213	0	0.082163	0.000016	-2.180905
0.437171	214	0	0.082163	0.000016	-2.184950
0.437171	215	0	0.082163	0.000016	-2.188983
0.437171	216	0	0.082163	0.000016	-2.193005
0.437171	217	0	0.082163	0.000016	-2.197016
0.437171	218	0	0.082163	0.000015	-2.201016
0.437171	219	0	0.082163	0.000015	-2.205004
0.437171	220	0	0.082163	0.000015	-2.208982
0.437171	221	0	0.082163	0.000015	-2.212949
0.437171	222	0	0.082163	0.000015	-2.216904
0.437171	223	0	0.082163	0.000015	-2.220850
0.437171	224	0	0.082163	0.000015	-2.224784
0.437171	225	0	0.082163	0.000015	-2.228708
0.437171	226	0	0.082163	0.000014	-2.232621
0.437171	227	0	0.082163	0.000014	-2.236524
0.437171	228	0	0.082163	0.000014	-2.240416
0.437171	229	0	0.082163	0.000014	-2.244299
0.437171	230	0	0.082163	0.000014	-2.248171
0.437171	231	0	0.082163	0.000014	-2.252032
0.437171	232	0	0.082163	0.000014	-2.255884
0.437171	233	0	0.082163	0.000014	-2.259726
0.437171	234	0	0.082163	0.000013	-2.263557
0.437171	235	0	0.082163	0.000013	-2.267379
0.437171	236	0	0.082163	0.000013	-2.271191
0.437171	237	0	0.082163	0.000013	-2.274994
0.437171	238	0	0.082163	0.000013	-2.278786
0.437171	239	0	0.082163	0.000013	-2.282569
0.437171	240	0	0.082163	0.000013	-2.286343
0.437171	241	0	0.082163	0.000013	-2.290106
0.437171	242	0	0.082163	0.000012	-2.293861
0.437171	243	0	0.082163	0.000012	-2.297606
0.437171	244	0	0.082163	0.000012	-2.301342
0.437171	245	0	0.082163	0.000012	-2.305068
0.437171	246	0	0.082163	0.000012	-2.308786
0.437171	247	0	0.082163	0.000012	-2.312494
0.437171	248	0	0.082163	0.000012	-2.316193
0.437171	249	0	0.082163	0.000012	-2.319884
0.437171	250	0	0.082163	0.000012	-2.323565
0.437171	251	0	0.082163	0.000012	-2.327237
0.437171	252	0	0.082163	0.000011	-2.330901
0.437171	253	0	0.082163	0.000011	-2.334556
0.437171	254	0	0.082163	0.000011	-2.338202
0.437171	255	0	0.082163	0.000011	-2.341839
0.437171	256	0	0.082163	0.000011	-2.345468
0.437171	257	0	0.082163	0.000011	-2.349088
0.437171	258	0	0.082163	0.000011	-2.352700
0.437171	259	0	0.082163	0.000011	-2.356303
0.437171	260	0	0.082163	0.000011	-2.359898
0.437171	261	0	0.082163	0.000011	-2.363484
0.437171	262	0	0.082163	0.000011	-2.367062
0.437171	263	0	0.082163	0.000011	-2.370632
0.437171	264	0	0.082163	0.000010	-2.374194
0.437171	265	0	0.082163	0.000010	-2.377748
0.437171	266	0	0.082163	0.000010	-2.381293
0.437171	267	0	0.082163	0.000010	-2.384831
0.437171	268	0	0.082163	0.000010	-2.388360
0.437171	269	0	0.082163	0.000010	-2.391882
0.437171	270	0	0.082163	0.000010	-2.395396
0.437171	271	0	0.082163	0.000010	-2.398901
0.437171	272	0	0.082163	0.000010	-2.402399
0.437171	273	0	0.082163	0.000010	-2.405889
0.437171	274	0	0.082163	0.000010	-2.409372
0.437171	275	0	0.082163	0.000010	-2.412847
0.437171	276	0	0.082163	0.000010	-2.416314
0.437171	277	0	0.082163	0.000009	-2.419774
0.437171	278	0	0.082163	0.000009	-2.423226
0.437171	279	0	0.082163	0.000009	-2.426670
0.437171	280	0	0.082163	0.000009	-2.430107
0.437171	281	0	0.082163	0.000009	-2.433537
0.437171	282	0	0.082163	0.000009	-2.436959
0.437171	283	0	0.082163	0.000009	-2.440374
0.437171	284	0	0.082163	0.000009	-2.443782
0.437171	285	0	0.082163	0.000009	-2.447182
0.437171	286	0	0.082163	0.000009	-2.450576
0.437171	287	0	0.082163	0.000009	-2.453962
0.437171	288	0	0.082163	0.000009	-2.457341
0.437171	289	0	0.082163	0.000009	-2.460713
0.437171	290	0	0.082163	0.000009	-2.464078
0.437171	291	0	0.082163	0.000009	-2.467435
0.437171	292	0	0.082163	0.000008	-2.470786
0.437171	293	0	0.082163	0.000008	-2.474130
0.437171	294	0	0.082163	0.000008	-2.477467
0.437171	295	0	0.082163	0.000008	-2.480797
0.437171	296	0	0.082163	0.000008	-2.484121
0.437171	297	0	0.082163	0.000008	-2.487437
0.437171	298	0	0.082163	0.000008	-2.490747
0.437171	299	0	0.082163	0.000008	-2.494051
0.437171	300	0	0.082163	0.000008	-2.497347
0.437171	301	0	0.082163	0.000008	-2.500637
0.437171	302	0	0.082163	0.000008	-2.503920
0.437171	303	0	0.082163	0.000008	-2.507197
0.437171	304	0	0.082163	0.000008	-2.510467
0.437171	305	0	0.082163	0.000008	-2.513731
0.437171	306	0	0.082163	0.000008	-2.516988
0.437171	307	0	0.082163	0.000008	-2.520239
0.437171	308	0	0.082163	0.000008	-2.523483
0.437171	309	0	0.082163	0.000008	-2.526721
0.437171	310	0	0.082163	0.000008	-2.529953
0.437171	311	0	0.082163	0.000007	-2.533178
0.437171	312	0	0.082163	0.000007	-2.536397
0.437171	313	0	0.082163	0.000007	-2.539610
0.437171	314	0	0.082163	0.000007	-2.542817
0.437171	315	0	0.082163	0.000007	-2.546017
0.437171	316	0	0.082163	0.000007	-2.549212
0.437171	317	0	0.082163	0.000007	-2.552400
0.437171	318	0	0.082163	0.000007	-2.555582
0.437171	319	0	0.082163	0.000007	-2.558759
0.437171	320	0	0.082163	0.000007	-2.561929
0.437171	321	0	0.082163	0.000007	-2.565093
0.437171	322	0	0.082163	0.000007	-2.568251
0.437171	323	0	0.082163	0.000007	-2.571404
0.437171	324	0	0.082163	0.000007	-2.574550
0.437171	325	0	0.082163	0.000007	-2.577691
0.437171	326	0	0.082163	0.000007	-2.580825
0.437171	327	0	0.082163	0.000007	-2.583954
0.437171	328	0	0.082163	0.000007	-2.587077
0.437171	329	0	0.082163	0.000007	-2.590195
0.437171	330	0	0.082163	0.000007	-2.593306
0.437171	331	0	0.082163	0.000007	-2.596412
0.437171	332	0	0.082163	0.000007	-2.599513
0.437171	333	0	0.082163	0.000006	-2.602607
0.437171	334	0	0.082163	0.000006	-2.605696
0.437171	335	0	0.082163	0.000006	-2.608780
0.437171	336	0	0.082163	0.000006	-2.611858
0.437171	337	0	0.082163	0.000006	-2.614930
0.437171	338	0	0.082163	0.000006	-2.617997
0.437171	339	0	0.082163	0.000006	-2.621059
0.437171	340	0	0.082163	0.000006	-2.624115
0.437171	341	0	0.082163	0.000006	-2.627165
0.437171	342	0	0.082163	0.000006	-2.630210
0.437171	343	0	0.082163	0.000006	-2.633250
0.437171	344	0	0.082163	0.000006	-2.636284
0.437171	345	0	0.082163	0.000006	-2.639313
0.437171	346	0	0.082163	0.000006	-2.642337
0.437171	347	0	0.082163	0.000006	-2.645356
0.437171	348	0	0.082163	0.000006	-2.648369
0.437171	349	0	0.082163	0.000006	-2.651377
0.437171	350	0	0.082163	0.000006	-2.654380
0.437171	351	0	0.082163	0.000006	-2.657377
0.437171	352	0	0.082163	0.000006	-2.660370
0.437171	353	0	0.082163	0.000006	-2.663357
0.437171	354	0	0.082163	0.000006	-2.666339
0.437171	355	0	0.082163	0.000006	-2.669316
0.437171	356	0	0.082163	0.000006	-2.672289
0.437171	357	0	0.082163	0.000006	-2.675256
0.437171	358	0	0.082163	0.000006	-2.678218
0.437171	359	0	0.082163	0.000006	-2.681175
0.437171	360	0	0.082163	0.000006	-2.684127
0.437171	361	0	0.082163	0.000005	-2.687074
0.437171	362	0	0.082163	0.000005	-2.690016
0.437171	363	0	0.082163	0.000005	-2.692953
0.437171	364	0	0.082163	0.000005	-2.695885
0.437171	365	0	0.082163	0.000005	-2.698813
0.437171	366	0	0.082163	0.000005	-2.701736
0.437171	367	0	0.082163	0.000005	-2.704653
0.437171	368	0	0.082163	0.000005	-2.707566
0.437171	369	0	0.082163	0.000005	-2.710475
0.437171	370	0	0.082163	0.000005	-2.713378
0.437171	371	0	0.082163	0.000005	-2.716277
0.437171	372	0	0.082163	0.000005	-2.719171
0.437171	373	0	0.082163	0.000005	-2.722060
0.437171	374	0	0.082163	0.000005	-2.724945
0.437171	375	0	0.082163	0.000005	-2.727825
0.437171	376	0	0.082163	0.000005	-2.730700
0.437171	377	0	0.082163	0.000005	-2.733571
0.437171	378	0	0.082163	0.000005	-2.736437
0.437171	379	0	0.082163	0.000005	-2.739299
0.437171	380	0	0.082163	0.000005	-2.742156
0.437171	381	0	0.082163	0.000005	-2.745008
0.437171	382	0	0.082163	0.000005	-2.747856
0.437171	383	0	0.082163	0.000005	-2.750700
0.437171	384	0	0.082163	0.000005	-2.753539
0.437171	385	0	0.082163	0.000005	-2.756373
0.437171	386	0	0.082163	0.000005	-2.759203
0.437171	387	0	0.082163	0.000005	-2.762029
0.437171	388	0	0.082163	0.000005	-2.764850
0.437171	389	0	0.082163	0.000005	-2.767667
0.437171	390	0	0.082163	0.000005	-2.770479
0.437171	391	0	0.082163	0.000005	-2.773287
0.437171	392	0	0.082163	0.000005	-2.776091
0.437171	393	0	0.082163	0.000005	-2.778890
0.437171	394	0	0.082163	0.000005	-2.781686
0.437171	395	0	0.082163	0.000005	-2.784476
0.437171	396	0	0.082163	0.000005	-2.787263
0.437171	397	0	0.082163	0.000005	-2.790045
0.437171	398	0	0.082163	0.000004	-2.792823
0.437171	399	0	0.082163	0.000004	-2.795597
0.437171	400	0	0.082163	0.000004	-2.798367
0.437171	401	0	0.082163	0.000004	-2.801132
0.437171	402	0	0.082163	0.000004	-2.803894
0.437171	403	0	0.082163	0.000004	-2.806651
0.437171	404	0	0.082163	0.000004	-2.809404
0.437171	405	0	0.082163	0.000004	-2.812153
0.437171	406	0	0.082163	0.000004	-2.814898
0.437171	407	0	0.082163	0.000004	-2.817639
0.437171	408	0	0.082163	0.000004	-2.820375
0.437171	409	0	0.082163	0.000004	-2.823108
0.437171	410	0	0.082163	0.000004	-2.825836
0.437171	411	0	0.082163	0.000004	-2.828561
0.437171	412	0	0.082163	0.000004	-2.831282
0.437171	413	0	0.082163	0.000004	-2.833998
0.437171	414	0	0.082163	0.000004	-2.836711
0.437171	415	0	0.082163	0.000004	-2.839419
0.437171	416	0	0.082163	0.000004	-2.842124
0.437171	417	0	0.082163	0.000004	-2.844825
0.437171	418	0	0.082163	0.000004	-2.847522
0.437171	419	0	0.082163	0.000004	-2.850215
0.437171	420	0	0.082163	0.000004	-2.852904
0.437171	421	0	0.082163	0.000004	-2.855589
0.437171	422	0	0.082163	0.000004	-2.858271
0.437171	423	0	0.082163	0.000004	-2.860948
0.437171	424	0	0.082163	0.000004	-2.863622
0.437171	425	0	0.082163	0.000004	-2.866292
0.437171	426	0	0.082163	0.000004	-2.868958
0.437171	427	0	0.082163	0.000004	-2.871620
0.437171	428	0	0.082163	0.000004	-2.874279
0.437171	429	0	0.082163	0.000004	-2.876934
0.437171	430	0	0.082163	0.000004	-2.879585
0.437171	431	0	0.082163	0.000004	-2.882232
0.437171	432	0	0.082163	0.000004	-2.884876
0.437171	433	0	0.082163	0.000004	-2.887516
0.437171	434	0	0.082163	0.000004	-2.890152
0.437171	435	0	0.082163	0.000004	-2.892784
0.437171	436	0	0.082163	0.000004	-2.895413
0.437171	437	0	0.082163	0.000004	-2.898039
0.437171	438	0	0.082163	0.000004	-2.900660
0.437171	439	0	0.082163	0.000004	-2.903278
