0.663434	1	19667	0.082163	1.000000	0.120666
0.663434	2	3358	0.082163	0.240315	0.158735
0.663434	3	1902	0.082163	0.104367	0.186352
0.663434	4	1205	0.082163	0.057751	0.208814
0.663434	5	745	0.082163	0.036494	0.228086
0.663434	6	526	0.082163	0.025081	0.245145
0.663434	7	398	0.082163	0.018266	0.260559
0.663434	8	307	0.082163	0.013879	0.274693
0.663434	9	225	0.082163	0.010892	0.287795
0.663434	10	192	0.082163	0.008770	0.300044
0.663434	11	143	0.082163	0.007209	0.311573
0.663434	12	99	0.082163	0.006027	0.322485
0.663434	13	104	0.082163	0.005112	0.332860
0.663434	14	99	0.082163	0.004389	0.342763
0.663434	15	75	0.082163	0.003809	0.352247
0.663434	16	68	0.082163	0.003335	0.361356
0.663434	17	50	0.082163	0.002944	0.370127
0.663434	18	54	0.082163	0.002618	0.378592
0.663434	19	50	0.082163	0.002342	0.386777
0.663434	20	31	0.082163	0.002108	0.394705
0.663434	21	35	0.082163	0.001906	0.402398
0.663434	22	36	0.082163	0.001732	0.409872
0.663434	23	34	0.082163	0.001581	0.417143
0.663434	24	19	0.082163	0.001448	0.424226
0.663434	25	27	0.082163	0.001332	0.431132
0.663434	26	18	0.082163	0.001229	0.437874
0.663434	27	18	0.082163	0.001137	0.444460
0.663434	28	11	0.082163	0.001055	0.450901
0.663434	29	17	0.082163	0.000981	0.457204
0.663434	30	18	0.082163	0.000915	0.463377
0.663434	31	19	0.082163	0.000856	0.469427
0.663434	32	12	0.082163	0.000802	0.475360
0.663434	33	12	0.082163	0.000752	0.481182
0.663434	34	9	0.082163	0.000708	0.486899
0.663434	35	11	0.082163	0.000667	0.492514
0.663434	36	6	0.082163	0.000629	0.498034
0.663434	37	9	0.082163	0.000595	0.503461
0.663434	38	8	0.082163	0.000563	0.508801
0.663434	39	13	0.082163	0.000534	0.514056
0.663434	40	11	0.082163	0.000506	0.519231
0.663434	41	11	0.082163	0.000481	0.524328
0.663434	42	9	0.082163	0.000458	0.529350
0.663434	43	9	0.082163	0.000436	0.534301
0.663434	44	2	0.082163	0.000416	0.539182
0.663434	45	8	0.082163	0.000398	0.543997
0.663434	46	7	0.082163	0.000380	0.548747
0.663434	47	3	0.082163	0.000363	0.553436
0.663434	48	8	0.082163	0.000348	0.558065
0.663434	49	2	0.082163	0.000334	0.562635
0.663434	50	2	0.082163	0.000320	0.567150
0.663434	51	6	0.082163	0.000307	0.571611
0.663434	52	3	0.082163	0.000295	0.576019
0.663434	53	6	0.082163	0.000284	0.580376
0.663434	54	3	0.082163	0.000273	0.584683
0.663434	55	9	0.082163	0.000263	0.588943
0.663434	56	1	0.082163	0.000253	0.593156
0.663434	57	4	0.082163	0.000244	0.597324
0.663434	58	5	0.082163	0.000236	0.601447
0.663434	59	5	0.082163	0.000228	0.605529
0.663434	60	2	0.082163	0.000220	0.609568
0.663434	61	4	0.082163	0.000213	0.613567
0.663434	62	8	0.082163	0.000206	0.617527
0.663434	63	2	0.082163	0.000199	0.621448
0.663434	64	5	0.082163	0.000193	0.625332
0.663434	65	1	0.082163	0.000187	0.629179
0.663434	66	2	0.082163	0.000181	0.632990
0.663434	67	2	0.082163	0.000175	0.636767
0.663434	68	0	0.082163	0.000170	0.640510
0.663434	69	3	0.082163	0.000165	0.644220
0.663434	70	1	0.082163	0.000160	0.647898
0.663434	71	6	0.082163	0.000156	0.651543
0.663434	72	5	0.082163	0.000151	0.655158
0.663434	73	2	0.082163	0.000147	0.658743
0.663434	74	0	0.082163	0.000143	0.662298
0.663434	75	1	0.082163	0.000139	0.665825
0.663434	76	3	0.082163	0.000135	0.669322
0.663434	77	0	0.082163	0.000132	0.672793
0.663434	78	1	0.082163	0.000128	0.676236
0.663434	79	3	0.082163	0.000125	0.679652
0.663434	80	1	0.082163	0.000122	0.683043
0.663434	81	0	0.082163	0.000119	0.686408
0.663434	82	3	0.082163	0.000116	0.689748
0.663434	83	3	0.082163	0.000113	0.693063
0.663434	84	2	0.082163	0.000110	0.696355
0.663434	85	2	0.082163	0.000107	0.699622
0.663434	86	1	0.082163	0.000105	0.702867
0.663434	87	1	0.082163	0.000102	0.706089
0.663434	88	1	0.082163	0.000100	0.709288
0.663434	89	1	0.082163	0.000098	0.712466
0.663434	90	3	0.082163	0.000096	0.715622
0.663434	91	1	0.082163	0.000093	0.718757
0.663434	92	1	0.082163	0.000091	0.721872
0.663434	93	0	0.082163	0.000089	0.724966
0.663434	94	1	0.082163	0.000087	0.728039
0.663434	95	2	0.082163	0.000085	0.731094
0.663434	96	2	0.082163	0.000084	0.734128
0.663434	97	2	0.082163	0.000082	0.737144
0.663434	98	2	0.082163	0.000080	0.740141
0.663434	99	1	0.082163	0.000079	0.743120
0.663434	100	0	0.082163	0.000077	0.746080
0.663434	101	1	0.082163	0.000075	0.749023
0.663434	102	0	0.082163	0.000074	0.751948
0.663434	103	3	0.082163	0.000072	0.754856
0.663434	104	0	0.082163	0.000071	0.757746
0.663434	105	0	0.082163	0.000070	0.760621
0.663434	106	0	0.082163	0.000068	0.763478
0.663434	107	2	0.082163	0.000067	0.766319
0.663434	108	0	0.082163	0.000066	0.769145
0.663434	109	1	0.082163	0.000064	0.771954
0.663434	110	1	0.082163	0.000063	0.774748
0.663434	111	1	0.082163	0.000062	0.777527
0.663434	112	1	0.082163	0.000061	0.780290
0.663434	113	2	0.082163	0.000060	0.783039
0.663434	114	1	0.082163	0.000059	0.785773
0.663434	115	1	0.082163	0.000058	0.788493
0.663434	116	0	0.082163	0.000057	0.791198
0.663434	117	0	0.082163	0.000056	0.793889
0.663434	118	1	0.082163	0.000055	0.796567
0.663434	119	0	0.082163	0.000054	0.799230
0.663434	120	0	0.082163	0.000053	0.801880
0.663434	121	1	0.082163	0.000052	0.804517
0.663434	122	0	0.082163	0.000051	0.807141
0.663434	123	1	0.082163	0.000050	0.809752
0.663434	124	1	0.082163	0.000049	0.812350
0.663434	125	1	0.082163	0.000049	0.814935
0.663434	126	0	0.082163	0.000048	0.817508
0.663434	127	1	0.082163	0.000047	0.820069
0.663434	128	0	0.082163	0.000046	0.822617
0.663434	129	0	0.082163	0.000046	0.825154
0.663434	130	1	0.082163	0.000045	0.827678
0.663434	131	0	0.082163	0.000044	0.830191
0.663434	132	2	0.082163	0.000043	0.832692
0.663434	133	0	0.082163	0.000043	0.835182
0.663434	134	0	0.082163	0.000042	0.837661
0.663434	135	0	0.082163	0.000041	0.840128
0.663434	136	0	0.082163	0.000041	0.842585
0.663434	137	0	0.082163	0.000040	0.845030
0.663434	138	1	0.082163	0.000040	0.847465
0.663434	139	2	0.082163	0.000039	0.849889
0.663434	140	0	0.082163	0.000038	0.852303
0.663434	141	0	0.082163	0.000038	0.854706
0.663434	142	1	0.082163	0.000037	0.857099
0.663434	143	0	0.082163	0.000037	0.859481
0.663434	144	1	0.082163	0.000036	0.861854
0.663434	145	0	0.082163	0.000036	0.864217
0.663434	146	0	0.082163	0.000035	0.866570
0.663434	147	1	0.082163	0.000035	0.868913
0.663434	148	0	0.082163	0.000034	0.871247
0.663434	149	0	0.082163	0.000034	0.873571
0.663434	150	0	0.082163	0.000033	0.875885
0.663434	151	2	0.082163	0.000033	0.878191
0.663434	152	3	0.082163	0.000033	0.880487
0.663434	153	0	0.082163	0.000032	0.882774
0.663434	154	1	0.082163	0.000032	0.885052
0.663434	155	1	0.082163	0.000031	0.887321
0.663434	156	0	0.082163	0.000031	0.889581
0.663434	157	0	0.082163	0.000030	0.891833
0.663434	158	0	0.082163	0.000030	0.894076
0.663434	159	0	0.082163	0.000030	0.896310
0.663434	160	1	0.082163	0.000029	0.898536
0.663434	161	0	0.082163	0.000029	0.900753
0.663434	162	2	0.082163	0.000029	0.902962
0.663434	163	1	0.082163	0.000028	0.905163
0.663434	164	0	0.082163	0.000028	0.907356
0.663434	165	1	0.082163	0.000027	0.909541
0.663434	166	0	0.082163	0.000027	0.911718
0.663434	167	1	0.082163	0.000027	0.913886
0.663434	168	0	0.082163	0.000026	0.916047
0.663434	169	0	0.082163	0.000026	0.918200
0.663434	170	0	0.082163	0.000026	0.920346
0.663434	171	0	0.082163	0.000026	0.922484
0.663434	172	0	0.082163	0.000025	0.924614
0.663434	173	0	0.082163	0.000025	0.926737
0.663434	174	0	0.082163	0.000025	0.928853
0.663434	175	1	0.082163	0.000024	0.930961
0.663434	176	0	0.082163	0.000024	0.933062
0.663434	177	0	0.082163	0.000024	0.935155
0.663434	178	1	0.082163	0.000023	0.937242
0.663434	179	0	0.082163	0.000023	0.939321
0.663434	180	0	0.082163	0.000023	0.941394
0.663434	181	0	0.082163	0.000023	0.943459
0.663434	182	0	0.082163	0.000022	0.945518
0.663434	183	0	0.082163	0.000022	0.947570
0.663434	184	0	0.082163	0.000022	0.949615
0.663434	185	0	0.082163	0.000022	0.951653
0.663434	186	0	0.082163	0.000021	0.953685
0.663434	187	0	0.082163	0.000021	0.955710
0.663434	188	0	0.082163	0.000021	0.957728
0.663434	189	0	0.082163	0.000021	0.959741
0.663434	190	0	0.082163	0.000021	0.961746
0.663434	191	1	0.082163	0.000020	0.963745
0.663434	192	0	0.082163	0.000020	0.965738
0.663434	193	0	0.082163	0.000020	0.967725
0.663434	194	0	0.082163	0.000020	0.969706
0.663434	195	1	0.082163	0.000019	0.971680
0.663434	196	0	0.082163	0.000019	0.973648
0.663434	197	0	0.082163	0.000019	0.975610
0.663434	198	1	0.082163	0.000019	0.977566
0.663434	199	0	0.082163	0.000019	0.979517
0.663434	200	1	0.082163	0.000018	0.981461
0.663434	201	1	0.082163	0.000018	0.983399
0.663434	202	0	0.082163	0.000018	0.985332
0.663434	203	0	0.082163	0.000018	0.987259
0.663434	204	0	0.082163	0.000018	0.989180
0.663434	205	0	0.082163	0.000018	0.991095
0.663434	206	0	0.082163	0.000017	0.993005
0.663434	207	0	0.082163	0.000017	0.994909
0.663434	208	0	0.082163	0.000017	0.996808
0.663434	209	0	0.082163	0.000017	0.998701
0.663434	210	0	0.082163	0.000017	1.000588
0.663434	211	0	0.082163	0.000017	1.002471
0.663434	212	0	0.082163	0.000016	1.004348
0.663434	213	1	0.082163	0.000016	1.006219
0.663434	214	0	0.082163	0.000016	1.008085
0.663434	215	0	0.082163	0.000016	1.009946
0.663434	216	0	0.082163	0.000016	1.011802
0.663434	217	0	0.082163	0.000016	1.013652
0.663434	218	0	0.082163	0.000015	1.015498
0.663434	219	0	0.082163	0.000015	1.017338
0.663434	220	0	0.082163	0.000015	1.019173
0.663434	221	0	0.082163	0.000015	1.021003
0.663434	222	0	0.082163	0.000015	1.022828
0.663434	223	0	0.082163	0.000015	1.024649
0.663434	224	0	0.082163	0.000015	1.026464
0.663434	225	0	0.082163	0.000015	1.028274
0.663434	226	0	0.082163	0.000014	1.030080
0.663434	227	0	0.082163	0.000014	1.031880
0.663434	228	0	0.082163	0.000014	1.033676
0.663434	229	1	0.082163	0.000014	1.035467
0.663434	230	0	0.082163	0.000014	1.037254
0.663434	231	1	0.082163	0.000014	1.039036
0.663434	232	1	0.082163	0.000014	1.040813
0.663434	233	0	0.082163	0.000014	1.042585
0.663434	234	0	0.082163	0.000013	1.044353
0.663434	235	0	0.082163	0.000013	1.046116
0.663434	236	0	0.082163	0.000013	1.047875
0.663434	237	0	0.082163	0.000013	1.049629
0.663434	238	0	0.082163	0.000013	1.051379
0.663434	239	0	0.082163	0.000013	1.053125
0.663434	240	0	0.082163	0.000013	1.054866
0.663434	241	0	0.082163	0.000013	1.056602
0.663434	242	0	0.082163	0.000012	1.058334
0.663434	243	0	0.082163	0.000012	1.060062
0.663434	244	0	0.082163	0.000012	1.061786
0.663434	245	0	0.082163	0.000012	1.063505
0.663434	246	0	0.082163	0.000012	1.065220
0.663434	247	0	0.082163	0.000012	1.066931
0.663434	248	0	0.082163	0.000012	1.068638
0.663434	249	0	0.082163	0.000012	1.070341
0.663434	250	0	0.082163	0.000012	1.072039
0.663434	251	0	0.082163	0.000012	1.073733
0.663434	252	0	0.082163	0.000011	1.075424
0.663434	253	0	0.082163	0.000011	1.077110
0.663434	254	1	0.082163	0.000011	1.078792
0.663434	255	1	0.082163	0.000011	1.080470
0.663434	256	0	0.082163	0.000011	1.082145
0.663434	257	0	0.082163	0.000011	1.083815
0.663434	258	0	0.082163	0.000011	1.085481
0.663434	259	0	0.082163	0.000011	1.087144
0.663434	260	0	0.082163	0.000011	1.088802
0.663434	261	0	0.082163	0.000011	1.090457
0.663434	262	0	0.082163	0.000011	1.092108
0.663434	263	0	0.082163	0.000011	1.093755
0.663434	264	0	0.082163	0.000010	1.095398
0.663434	265	0	0.082163	0.000010	1.097038
0.663434	266	0	0.082163	0.000010	1.098674
0.663434	267	0	0.082163	0.000010	1.100306
0.663434	268	0	0.082163	0.000010	1.101934
0.663434	269	0	0.082163	0.000010	1.103559
0.663434	270	0	0.082163	0.000010	1.105180
0.663434	271	0	0.082163	0.000010	1.106798
0.663434	272	0	0.082163	0.000010	1.108411
0.663434	273	0	0.082163	0.000010	1.110022
0.663434	274	0	0.082163	0.000010	1.111628
0.663434	275	1	0.082163	0.000010	1.113232
0.663434	276	0	0.082163	0.000010	1.114831
0.663434	277	0	0.082163	0.000009	1.116428
0.663434	278	0	0.082163	0.000009	1.118020
0.663434	279	1	0.082163	0.000009	1.119609
0.663434	280	0	0.082163	0.000009	1.121195
0.663434	281	0	0.082163	0.000009	1.122778
0.663434	282	0	0.082163	0.000009	1.124357
0.663434	283	0	0.082163	0.000009	1.125932
0.663434	284	0	0.082163	0.000009	1.127504
0.663434	285	0	0.082163	0.000009	1.129073
0.663434	286	0	0.082163	0.000009	1.130639
0.663434	287	0	0.082163	0.000009	1.132201
0.663434	288	0	0.082163	0.000009	1.133760
0.663434	289	0	0.082163	0.000009	1.135316
0.663434	290	0	0.082163	0.000009	1.136868
0.663434	291	0	0.082163	0.000009	1.138418
0.663434	292	0	0.082163	0.000008	1.139964
0.663434	293	0	0.082163	0.000008	1.141506
0.663434	294	0	0.082163	0.000008	1.143046
0.663434	295	0	0.082163	0.000008	1.144583
0.663434	296	0	0.082163	0.000008	1.146116
0.663434	297	0	0.082163	0.000008	1.147646
0.663434	298	0	0.082163	0.000008	1.149173
0.663434	299	0	0.082163	0.000008	1.150697
0.663434	300	0	0.082163	0.000008	1.152218
0.663434	301	1	0.082163	0.000008	1.153736
0.663434	302	0	0.082163	0.000008	1.155251
0.663434	303	0	0.082163	0.000008	1.156763
0.663434	304	0	0.082163	0.000008	1.158271
0.663434	305	0	0.082163	0.000008	1.159777
0.663434	306	0	0.082163	0.000008	1.161280
0.663434	307	0	0.082163	0.000008	1.162780
0.663434	308	0	0.082163	0.000008	1.164277
0.663434	309	0	0.082163	0.000008	1.165771
0.663434	310	0	0.082163	0.000008	1.167262
0.663434	311	0	0.082163	0.000007	1.168750
0.663434	312	0	0.082163	0.000007	1.170235
0.663434	313	0	0.082163	0.000007	1.171717
0.663434	314	0	0.082163	0.000007	1.173197
0.663434	315	0	0.082163	0.000007	1.174674
0.663434	316	0	0.082163	0.000007	1.176147
0.663434	317	0	0.082163	0.000007	1.177618
0.663434	318	0	0.082163	0.000007	1.179087
0.663434	319	0	0.082163	0.000007	1.180552
0.663434	320	0	0.082163	0.000007	1.182015
0.663434	321	0	0.082163	0.000007	1.183475
0.663434	322	0	0.082163	0.000007	1.184932
0.663434	323	0	0.082163	0.000007	1.186386
0.663434	324	0	0.082163	0.000007	1.187838
0.663434	325	1	0.082163	0.000007	1.189287
0.663434	326	0	0.082163	0.000007	1.190733
0.663434	327	0	0.082163	0.000007	1.192177
0.663434	328	1	0.082163	0.000007	1.193618
0.663434	329	0	0.082163	0.000007	1.195056
0.663434	330	0	0.082163	0.000007	1.196492
0.663434	331	0	0.082163	0.000007	1.197925
0.663434	332	0	0.082163	0.000007	1.199355
0.663434	333	0	0.082163	0.000006	1.200783
0.663434	334	0	0.082163	0.000006	1.202208
0.663434	335	0	0.082163	0.000006	1.203631
0.663434	336	0	0.082163	0.000006	1.205051
0.663434	337	0	0.082163	0.000006	1.206468
0.663434	338	0	0.082163	0.000006	1.207883
0.663434	339	0	0.082163	0.000006	1.209296
0.663434	340	0	0.082163	0.000006	1.210706
0.663434	341	0	0.082163	0.000006	1.212113
0.663434	342	0	0.082163	0.000006	1.213518
0.663434	343	0	0.082163	0.000006	1.214921
0.663434	344	0	0.082163	0.000006	1.216321
0.663434	345	0	0.082163	0.000006	1.217718
0.663434	346	0	0.082163	0.000006	1.219113
0.663434	347	0	0.082163	0.000006	1.220506
0.663434	348	0	0.082163	0.000006	1.221896
0.663434	349	0	0.082163	0.000006	1.223284
0.663434	350	0	0.082163	0.000006	1.224669
0.663434	351	0	0.082163	0.000006	1.226052
0.663434	352	0	0.082163	0.000006	1.227433
0.663434	353	0	0.082163	0.000006	1.228811
0.663434	354	0	0.082163	0.000006	1.230187
0.663434	355	0	0.082163	0.000006	1.231561
0.663434	356	0	0.082163	0.000006	1.232932
0.663434	357	0	0.082163	0.000006	1.234301
0.663434	358	0	0.082163	0.000006	1.235668
0.663434	359	0	0.082163	0.000006	1.237032
0.663434	360	0	0.082163	0.000006	1.238394
0.663434	361	0	0.082163	0.000005	1.239754
0.663434	362	0	0.082163	0.000005	1.241111
0.663434	363	0	0.082163	0.000005	1.242466
0.663434	364	0	0.082163	0.000005	1.243819
0.663434	365	0	0.082163	0.000005	1.245170
0.663434	366	0	0.082163	0.000005	1.246518
0.663434	367	0	0.082163	0.000005	1.247865
0.663434	368	0	0.082163	0.000005	1.249209
0.663434	369	0	0.082163	0.000005	1.250550
0.663434	370	0	0.082163	0.000005	1.251890
0.663434	371	0	0.082163	0.000005	1.253227
0.663434	372	0	0.082163	0.000005	1.254563
0.663434	373	0	0.082163	0.000005	1.255896
0.663434	374	0	0.082163	0.000005	1.257227
0.663434	375	0	0.082163	0.000005	1.258555
0.663434	376	0	0.082163	0.000005	1.259882
0.663434	377	0	0.082163	0.000005	1.261206
0.663434	378	1	0.082163	0.000005	1.262529
0.663434	379	0	0.082163	0.000005	1.263849
0.663434	380	0	0.082163	0.000005	1.265167
0.663434	381	0	0.082163	0.000005	1.266483
0.663434	382	0	0.082163	0.000005	1.267797
0.663434	383	0	0.082163	0.000005	1.269109
0.663434	384	0	0.082163	0.000005	1.270419
0.663434	385	0	0.082163	0.000005	1.271727
0.663434	386	0	0.082163	0.000005	1.273032
0.663434	387	0	0.082163	0.000005	1.274336
0.663434	388	0	0.082163	0.000005	1.275638
0.663434	389	0	0.082163	0.000005	1.276937
0.663434	390	0	0.082163	0.000005	1.278235
0.663434	391	0	0.082163	0.000005	1.279531
0.663434	392	0	0.082163	0.000005	1.280824
0.663434	393	0	0.082163	0.000005	1.282116
0.663434	394	0	0.082163	0.000005	1.283405
0.663434	395	0	0.082163	0.000005	1.284693
0.663434	396	0	0.082163	0.000005	1.285979
0.663434	397	0	0.082163	0.000005	1.287262
0.663434	398	0	0.082163	0.000004	1.288544
0.663434	399	0	0.082163	0.000004	1.289824
0.663434	400	0	0.082163	0.000004	1.291102
0.663434	401	0	0.082163	0.000004	1.292378
0.663434	402	0	0.082163	0.000004	1.293652
0.663434	403	0	0.082163	0.000004	1.294924
0.663434	404	0	0.082163	0.000004	1.296194
0.663434	405	0	0.082163	0.000004	1.297462
0.663434	406	0	0.082163	0.000004	1.298729
0.663434	407	0	0.082163	0.000004	1.299993
0.663434	408	0	0.082163	0.000004	1.301256
0.663434	409	0	0.082163	0.000004	1.302517
0.663434	410	0	0.082163	0.000004	1.303776
0.663434	411	0	0.082163	0.000004	1.305033
0.663434	412	0	0.082163	0.000004	1.306288
0.663434	413	0	0.082163	0.000004	1.307541
0.663434	414	0	0.082163	0.000004	1.308793
0.663434	415	0	0.082163	0.000004	1.310042
0.663434	416	0	0.082163	0.000004	1.311290
0.663434	417	0	0.082163	0.000004	1.312536
0.663434	418	0	0.082163	0.000004	1.313781
0.663434	419	0	0.082163	0.000004	1.315023
0.663434	420	0	0.082163	0.000004	1.316264
0.663434	421	0	0.082163	0.000004	1.317503
0.663434	422	0	0.082163	0.000004	1.318740
0.663434	423	0	0.082163	0.000004	1.319975
0.663434	424	0	0.082163	0.000004	1.321209
0.663434	425	0	0.082163	0.000004	1.322441
0.663434	426	0	0.082163	0.000004	1.323671
0.663434	427	0	0.082163	0.000004	1.324899
0.663434	428	0	0.082163	0.000004	1.326126
0.663434	429	0	0.082163	0.000004	1.327351
0.663434	430	0	0.082163	0.000004	1.328574
0.663434	431	0	0.082163	0.000004	1.329795
0.663434	432	0	0.082163	0.000004	1.331015
0.663434	433	0	0.082163	0.000004	1.332233
0.663434	434	0	0.082163	0.000004	1.333449
0.663434	435	0	0.082163	0.000004	1.334664
0.663434	436	0	0.082163	0.000004	1.335877
0.663434	437	0	0.082163	0.000004	1.337088
0.663434	438	0	0.082163	0.000004	1.338298
0.663434	439	0	0.082163	0.000004	1.339505
