0.412929	1	104979	0.082163	1.000000	-0.302485
0.412929	2	30606	0.082163	0.240315	-0.397916
0.412929	3	19437	0.082163	0.104367	-0.467146
0.412929	4	12613	0.082163	0.057751	-0.523454
0.412929	5	9187	0.082163	0.036494	-0.571763
0.412929	6	6820	0.082163	0.025081	-0.614526
0.412929	7	5218	0.082163	0.018266	-0.653167
0.412929	8	4157	0.082163	0.013879	-0.688598
0.412929	9	3357	0.082163	0.010892	-0.721443
0.412929	10	2750	0.082163	0.008770	-0.752149
0.412929	11	2274	0.082163	0.007209	-0.781050
0.412929	12	1929	0.082163	0.006027	-0.808403
0.412929	13	1654	0.082163	0.005112	-0.834410
0.412929	14	1457	0.082163	0.004389	-0.859235
0.412929	15	1296	0.082163	0.003809	-0.883009
0.412929	16	1038	0.082163	0.003335	-0.905844
0.412929	17	985	0.082163	0.002944	-0.927832
0.412929	18	831	0.082163	0.002618	-0.949051
0.412929	19	654	0.082163	0.002342	-0.969569
0.412929	20	588	0.082163	0.002108	-0.989444
0.412929	21	531	0.082163	0.001906	-1.008727
0.412929	22	514	0.082163	0.001732	-1.027463
0.412929	23	403	0.082163	0.001581	-1.045690
0.412929	24	385	0.082163	0.001448	-1.063445
0.412929	25	332	0.082163	0.001332	-1.080759
0.412929	26	318	0.082163	0.001229	-1.097658
0.412929	27	253	0.082163	0.001137	-1.114169
0.412929	28	248	0.082163	0.001055	-1.130315
0.412929	29	217	0.082163	0.000981	-1.146115
0.412929	30	201	0.082163	0.000915	-1.161590
0.412929	31	177	0.082163	0.000856	-1.176756
0.412929	32	179	0.082163	0.000802	-1.191629
0.412929	33	128	0.082163	0.000752	-1.206223
0.412929	34	131	0.082163	0.000708	-1.220553
0.412929	35	131	0.082163	0.000667	-1.234630
0.412929	36	103	0.082163	0.000629	-1.248467
0.412929	37	112	0.082163	0.000595	-1.262072
0.412929	38	88	0.082163	0.000563	-1.275458
0.412929	39	91	0.082163	0.000534	-1.288632
0.412929	40	90	0.082163	0.000506	-1.301603
0.412929	41	94	0.082163	0.000481	-1.314380
0.412929	42	63	0.082163	0.000458	-1.326970
0.412929	43	63	0.082163	0.000436	-1.339380
0.412929	44	45	0.082163	0.000416	-1.351617
0.412929	45	42	0.082163	0.000398	-1.363686
0.412929	46	39	0.082163	0.000380	-1.375595
0.412929	47	40	0.082163	0.000363	-1.387348
0.412929	48	38	0.082163	0.000348	-1.398952
0.412929	49	30	0.082163	0.000334	-1.410409
0.412929	50	26	0.082163	0.000320	-1.421727
0.412929	51	37	0.082163	0.000307	-1.432908
0.412929	52	33	0.082163	0.000295	-1.443958
0.412929	53	22	0.082163	0.000284	-1.454880
0.412929	54	27	0.082163	0.000273	-1.465678
0.412929	55	21	0.082163	0.000263	-1.476356
0.412929	56	13	0.082163	0.000253	-1.486917
0.412929	57	29	0.082163	0.000244	-1.497365
0.412929	58	20	0.082163	0.000236	-1.507703
0.412929	59	21	0.082163	0.000228	-1.517933
0.412929	60	14	0.082163	0.000220	-1.528059
0.412929	61	11	0.082163	0.000213	-1.538084
0.412929	62	12	0.082163	0.000206	-1.548010
0.412929	63	15	0.082163	0.000199	-1.557840
0.412929	64	13	0.082163	0.000193	-1.567575
0.412929	65	14	0.082163	0.000187	-1.577220
0.412929	66	4	0.082163	0.000181	-1.586774
0.412929	67	11	0.082163	0.000175	-1.596242
0.412929	68	6	0.082163	0.000170	-1.605625
0.412929	69	8	0.082163	0.000165	-1.614925
0.412929	70	9	0.082163	0.000160	-1.624144
0.412929	71	7	0.082163	0.000156	-1.633283
0.412929	72	8	0.082163	0.000151	-1.642345
0.412929	73	2	0.082163	0.000147	-1.651331
0.412929	74	6	0.082163	0.000143	-1.660243
0.412929	75	6	0.082163	0.000139	-1.669083
0.412929	76	4	0.082163	0.000135	-1.677851
0.412929	77	2	0.082163	0.000132	-1.686551
0.412929	78	1	0.082163	0.000128	-1.695182
0.412929	79	1	0.082163	0.000125	-1.703746
0.412929	80	7	0.082163	0.000122	-1.712245
0.412929	81	5	0.082163	0.000119	-1.720681
0.412929	82	2	0.082163	0.000116	-1.729053
0.412929	83	3	0.082163	0.000113	-1.737364
0.412929	84	2	0.082163	0.000110	-1.745615
0.412929	85	1	0.082163	0.000107	-1.753807
0.412929	86	3	0.082163	0.000105	-1.761940
0.412929	87	1	0.082163	0.000102	-1.770017
0.412929	88	0	0.082163	0.000100	-1.778038
0.412929	89	1	0.082163	0.000098	-1.786004
0.412929	90	0	0.082163	0.000096	-1.793915
0.412929	91	2	0.082163	0.000093	-1.801774
0.412929	92	1	0.082163	0.000091	-1.809581
0.412929	93	1	0.082163	0.000089	-1.817337
0.412929	94	1	0.082163	0.000087	-1.825043
0.412929	95	1	0.082163	0.000085	-1.832699
0.412929	96	1	0.082163	0.000084	-1.840306
0.412929	97	1	0.082163	0.000082	-1.847866
0.412929	98	1	0.082163	0.000080	-1.855379
0.412929	99	1	0.082163	0.000079	-1.862846
0.412929	100	0	0.082163	0.000077	-1.870267
0.412929	101	1	0.082163	0.000075	-1.877644
0.412929	102	0	0.082163	0.000074	-1.884976
0.412929	103	1	0.082163	0.000072	-1.892265
0.412929	104	0	0.082163	0.000071	-1.899512
0.412929	105	0	0.082163	0.000070	-1.906716
0.412929	106	0	0.082163	0.000068	-1.913880
0.412929	107	1	0.082163	0.000067	-1.921002
0.412929	108	0	0.082163	0.000066	-1.928084
0.412929	109	0	0.082163	0.000064	-1.935127
0.412929	110	0	0.082163	0.000063	-1.942131
0.412929	111	0	0.082163	0.000062	-1.949097
0.412929	112	0	0.082163	0.000061	-1.956024
0.412929	113	0	0.082163	0.000060	-1.962915
0.412929	114	0	0.082163	0.000059	-1.969768
0.412929	115	0	0.082163	0.000058	-1.976586
0.412929	116	0	0.082163	0.000057	-1.983368
0.412929	117	0	0.082163	0.000056	-1.990114
0.412929	118	1	0.082163	0.000055	-1.996826
0.412929	119	1	0.082163	0.000054	-2.003503
0.412929	120	0	0.082163	0.000053	-2.010147
0.412929	121	0	0.082163	0.000052	-2.016757
0.412929	122	0	0.082163	0.000051	-2.023334
0.412929	123	1	0.082163	0.000050	-2.029879
0.412929	124	0	0.082163	0.000049	-2.036391
0.412929	125	0	0.082163	0.000049	-2.042872
0.412929	126	1	0.082163	0.000048	-2.049322
0.412929	127	1	0.082163	0.000047	-2.055741
0.412929	128	0	0.082163	0.000046	-2.062129
0.412929	129	0	0.082163	0.000046	-2.068488
0.412929	130	0	0.082163	0.000045	-2.074816
0.412929	131	0	0.082163	0.000044	-2.081115
0.412929	132	0	0.082163	0.000043	-2.087386
0.412929	133	0	0.082163	0.000043	-2.093627
0.412929	134	0	0.082163	0.000042	-2.099840
0.412929	135	0	0.082163	0.000041	-2.106026
0.412929	136	0	0.082163	0.000041	-2.112183
0.412929	137	0	0.082163	0.000040	-2.118314
0.412929	138	0	0.082163	0.000040	-2.124417
0.412929	139	0	0.082163	0.000039	-2.130494
0.412929	140	0	0.082163	0.000038	-2.136544
0.412929	141	0	0.082163	0.000038	-2.142568
0.412929	142	0	0.082163	0.000037	-2.148567
0.412929	143	0	0.082163	0.000037	-2.154540
0.412929	144	0	0.082163	0.000036	-2.160488
0.412929	145	0	0.082163	0.000036	-2.166411
0.412929	146	0	0.082163	0.000035	-2.172309
0.412929	147	0	0.082163	0.000035	-2.178183
0.412929	148	0	0.082163	0.000034	-2.184033
0.412929	149	0	0.082163	0.000034	-2.189859
0.412929	150	0	0.082163	0.000033	-2.195661
0.412929	151	0	0.082163	0.000033	-2.201440
0.412929	152	0	0.082163	0.000033	-2.207196
0.412929	153	1	0.082163	0.000032	-2.212929
0.412929	154	0	0.082163	0.000032	-2.218640
0.412929	155	0	0.082163	0.000031	-2.224328
0.412929	156	0	0.082163	0.000031	-2.229994
0.412929	157	0	0.082163	0.000030	-2.235638
0.412929	158	0	0.082163	0.000030	-2.241261
0.412929	159	0	0.082163	0.000030	-2.246862
0.412929	160	0	0.082163	0.000029	-2.252441
0.412929	161	0	0.082163	0.000029	-2.258000
0.412929	162	0	0.082163	0.000029	-2.263538
0.412929	163	0	0.082163	0.000028	-2.269055
0.412929	164	0	0.082163	0.000028	-2.274552
0.412929	165	0	0.082163	0.000027	-2.280028
0.412929	166	0	0.082163	0.000027	-2.285485
0.412929	167	0	0.082163	0.000027	-2.290922
0.412929	168	0	0.082163	0.000026	-2.296339
0.412929	169	0	0.082163	0.000026	-2.301736
0.412929	170	0	0.082163	0.000026	-2.307115
0.412929	171	0	0.082163	0.000026	-2.312474
0.412929	172	0	0.082163	0.000025	-2.317814
0.412929	173	0	0.082163	0.000025	-2.323136
0.412929	174	0	0.082163	0.000025	-2.328439
0.412929	175	0	0.082163	0.000024	-2.333724
0.412929	176	0	0.082163	0.000024	-2.338990
0.412929	177	0	0.082163	0.000024	-2.344239
0.412929	178	0	0.082163	0.000023	-2.349469
0.412929	179	0	0.082163	0.000023	-2.354682
0.412929	180	0	0.082163	0.000023	-2.359877
0.412929	181	0	0.082163	0.000023	-2.365055
0.412929	182	0	0.082163	0.000022	-2.370216
0.412929	183	0	0.082163	0.000022	-2.375359
0.412929	184	0	0.082163	0.000022	-2.380486
0.412929	185	0	0.082163	0.000022	-2.385595
0.412929	186	0	0.082163	0.000021	-2.390688
0.412929	187	0	0.082163	0.000021	-2.395765
0.412929	188	0	0.082163	0.000021	-2.400825
0.412929	189	0	0.082163	0.000021	-2.405869
0.412929	190	0	0.082163	0.000021	-2.410896
0.412929	191	0	0.082163	0.000020	-2.415908
0.412929	192	0	0.082163	0.000020	-2.420904
0.412929	193	0	0.082163	0.000020	-2.425884
0.412929	194	0	0.082163	0.000020	-2.430849
0.412929	195	0	0.082163	0.000019	-2.435798
0.412929	196	0	0.082163	0.000019	-2.440732
0.412929	197	0	0.082163	0.000019	-2.445651
0.412929	198	0	0.082163	0.000019	-2.450555
0.412929	199	0	0.082163	0.000019	-2.455443
0.412929	200	0	0.082163	0.000018	-2.460317
0.412929	201	0	0.082163	0.000018	-2.465176
0.412929	202	0	0.082163	0.000018	-2.470021
0.412929	203	0	0.082163	0.000018	-2.474851
0.412929	204	0	0.082163	0.000018	-2.479667
0.412929	205	0	0.082163	0.000018	-2.484468
0.412929	206	0	0.082163	0.000017	-2.489256
0.412929	207	0	0.082163	0.000017	-2.494029
0.412929	208	0	0.082163	0.000017	-2.498788
0.412929	209	0	0.082163	0.000017	-2.503534
0.412929	210	0	0.082163	0.000017	-2.508266
0.412929	211	0	0.082163	0.000017	-2.512984
0.412929	212	0	0.082163	0.000016	-2.517689
0.412929	213	0	0.082163	0.000016	-2.522380
0.412929	214	0	0.082163	0.000016	-2.527059
0.412929	215	0	0.082163	0.000016	-2.531724
0.412929	216	0	0.082163	0.000016	-2.536375
0.412929	217	0	0.082163	0.000016	-2.541014
0.412929	218	0	0.082163	0.000015	-2.545640
0.412929	219	0	0.082163	0.000015	-2.550253
0.412929	220	0	0.082163	0.000015	-2.554854
0.412929	221	0	0.082163	0.000015	-2.559441
0.412929	222	0	0.082163	0.000015	-2.564017
0.412929	223	0	0.082163	0.000015	-2.568580
0.412929	224	0	0.082163	0.000015	-2.573130
0.412929	225	0	0.082163	0.000015	-2.577668
0.412929	226	0	0.082163	0.000014	-2.582194
0.412929	227	0	0.082163	0.000014	-2.586708
0.412929	228	0	0.082163	0.000014	-2.591210
0.412929	229	0	0.082163	0.000014	-2.595700
0.412929	230	0	0.082163	0.000014	-2.600178
0.412929	231	0	0.082163	0.000014	-2.604645
0.412929	232	0	0.082163	0.000014	-2.609100
0.412929	233	0	0.082163	0.000014	-2.613543
0.412929	234	0	0.082163	0.000013	-2.617975
0.412929	235	0	0.082163	0.000013	-2.622395
0.412929	236	0	0.082163	0.000013	-2.626804
0.412929	237	0	0.082163	0.000013	-2.631201
0.412929	238	0	0.082163	0.000013	-2.635588
0.412929	239	0	0.082163	0.000013	-2.639963
0.412929	240	0	0.082163	0.000013	-2.644327
0.412929	241	0	0.082163	0.000013	-2.648680
0.412929	242	0	0.082163	0.000012	-2.653023
0.412929	243	0	0.082163	0.000012	-2.657354
0.412929	244	0	0.082163	0.000012	-2.661675
0.412929	245	0	0.082163	0.000012	-2.665985
0.412929	246	0	0.082163	0.000012	-2.670285
0.412929	247	0	0.082163	0.000012	-2.674573
0.412929	248	0	0.082163	0.000012	-2.678852
0.412929	249	0	0.082163	0.000012	-2.683120
0.412929	250	0	0.082163	0.000012	-2.687378
0.412929	251	0	0.082163	0.000012	-2.691625
0.412929	252	0	0.082163	0.000011	-2.695862
0.412929	253	0	0.082163	0.000011	-2.700089
0.412929	254	0	0.082163	0.000011	-2.704306
0.412929	255	0	0.082163	0.000011	-2.708513
0.412929	256	0	0.082163	0.000011	-2.712710
0.412929	257	0	0.082163	0.000011	-2.716897
0.412929	258	0	0.082163	0.000011	-2.721074
0.412929	259	0	0.082163	0.000011	-2.725242
0.412929	260	0	0.082163	0.000011	-2.729399
0.412929	261	0	0.082163	0.000011	-2.733547
0.412929	262	0	0.082163	0.000011	-2.737686
0.412929	263	0	0.082163	0.000011	-2.741815
0.412929	264	0	0.082163	0.000010	-2.745934
0.412929	265	0	0.082163	0.000010	-2.750044
0.412929	266	0	0.082163	0.000010	-2.754145
0.412929	267	0	0.082163	0.000010	-2.758236
0.412929	268	0	0.082163	0.000010	-2.762318
0.412929	269	0	0.082163	0.000010	-2.766391
0.412929	270	0	0.082163	0.000010	-2.770455
0.412929	271	0	0.082163	0.000010	-2.774510
0.412929	272	0	0.082163	0.000010	-2.778556
0.412929	273	0	0.082163	0.000010	-2.782592
0.412929	274	0	0.082163	0.000010	-2.786620
0.412929	275	0	0.082163	0.000010	-2.790639
0.412929	276	0	0.082163	0.000010	-2.794649
0.412929	277	0	0.082163	0.000009	-2.798650
0.412929	278	0	0.082163	0.000009	-2.802643
0.412929	279	0	0.082163	0.000009	-2.806627
0.412929	280	0	0.082163	0.000009	-2.810602
0.412929	281	0	0.082163	0.000009	-2.814569
0.412929	282	0	0.082163	0.000009	-2.818527
0.412929	283	0	0.082163	0.000009	-2.822476
0.412929	284	0	0.082163	0.000009	-2.826418
0.412929	285	0	0.082163	0.000009	-2.830351
0.412929	286	0	0.082163	0.000009	-2.834275
0.412929	287	0	0.082163	0.000009	-2.838192
0.412929	288	0	0.082163	0.000009	-2.842100
0.412929	289	0	0.082163	0.000009	-2.845999
0.412929	290	0	0.082163	0.000009	-2.849891
0.412929	291	0	0.082163	0.000009	-2.853775
0.412929	292	0	0.082163	0.000008	-2.857650
0.412929	293	0	0.082163	0.000008	-2.861518
0.412929	294	0	0.082163	0.000008	-2.865377
0.412929	295	0	0.082163	0.000008	-2.869229
0.412929	296	0	0.082163	0.000008	-2.873073
0.412929	297	0	0.082163	0.000008	-2.876909
0.412929	298	0	0.082163	0.000008	-2.880737
0.412929	299	0	0.082163	0.000008	-2.884557
0.412929	300	0	0.082163	0.000008	-2.888370
0.412929	301	0	0.082163	0.000008	-2.892175
0.412929	302	0	0.082163	0.000008	-2.895972
0.412929	303	0	0.082163	0.000008	-2.899762
0.412929	304	0	0.082163	0.000008	-2.903544
0.412929	305	0	0.082163	0.000008	-2.907319
0.412929	306	0	0.082163	0.000008	-2.911086
0.412929	307	0	0.082163	0.000008	-2.914846
0.412929	308	0	0.082163	0.000008	-2.918598
0.412929	309	0	0.082163	0.000008	-2.922343
0.412929	310	0	0.082163	0.000008	-2.926081
0.412929	311	0	0.082163	0.000007	-2.929811
0.412929	312	0	0.082163	0.000007	-2.933534
0.412929	313	0	0.082163	0.000007	-2.937250
0.412929	314	0	0.082163	0.000007	-2.940959
0.412929	315	0	0.082163	0.000007	-2.944661
0.412929	316	0	0.082163	0.000007	-2.948355
0.412929	317	0	0.082163	0.000007	-2.952043
0.412929	318	0	0.082163	0.000007	-2.955723
0.412929	319	0	0.082163	0.000007	-2.959397
0.412929	320	0	0.082163	0.000007	-2.963063
0.412929	321	0	0.082163	0.000007	-2.966723
0.412929	322	0	0.082163	0.000007	-2.970376
0.412929	323	0	0.082163	0.000007	-2.974022
0.412929	324	0	0.082163	0.000007	-2.977661
0.412929	325	0	0.082163	0.000007	-2.981293
0.412929	326	0	0.082163	0.000007	-2.984919
0.412929	327	0	0.082163	0.000007	-2.988537
0.412929	328	0	0.082163	0.000007	-2.992150
0.412929	329	0	0.082163	0.000007	-2.995755
0.412929	330	0	0.082163	0.000007	-2.999354
0.412929	331	0	0.082163	0.000007	-3.002946
0.412929	332	0	0.082163	0.000007	-3.006532
0.412929	333	0	0.082163	0.000006	-3.010111
0.412929	334	0	0.082163	0.000006	-3.013684
0.412929	335	0	0.082163	0.000006	-3.017250
0.412929	336	0	0.082163	0.000006	-3.020810
0.412929	337	0	0.082163	0.000006	-3.024364
0.412929	338	0	0.082163	0.000006	-3.027911
0.412929	339	0	0.082163	0.000006	-3.031451
0.412929	340	0	0.082163	0.000006	-3.034986
0.412929	341	0	0.082163	0.000006	-3.038514
0.412929	342	0	0.082163	0.000006	-3.042036
0.412929	343	0	0.082163	0.000006	-3.045552
0.412929	344	0	0.082163	0.000006	-3.049061
0.412929	345	0	0.082163	0.000006	-3.052565
0.412929	346	0	0.082163	0.000006	-3.056062
0.412929	347	0	0.082163	0.000006	-3.059553
0.412929	348	0	0.082163	0.000006	-3.063038
0.412929	349	0	0.082163	0.000006	-3.066517
0.412929	350	0	0.082163	0.000006	-3.069990
0.412929	351	0	0.082163	0.000006	-3.073457
0.412929	352	0	0.082163	0.000006	-3.076918
0.412929	353	0	0.082163	0.000006	-3.080373
0.412929	354	0	0.082163	0.000006	-3.083822
0.412929	355	0	0.082163	0.000006	-3.087265
0.412929	356	0	0.082163	0.000006	-3.090703
0.412929	357	0	0.082163	0.000006	-3.094134
0.412929	358	0	0.082163	0.000006	-3.097560
0.412929	359	0	0.082163	0.000006	-3.100980
0.412929	360	0	0.082163	0.000006	-3.104394
0.412929	361	0	0.082163	0.000005	-3.107803
0.412929	362	0	0.082163	0.000005	-3.111206
0.412929	363	0	0.082163	0.000005	-3.114603
0.412929	364	0	0.082163	0.000005	-3.117994
0.412929	365	0	0.082163	0.000005	-3.121380
0.412929	366	0	0.082163	0.000005	-3.124760
0.412929	367	0	0.082163	0.000005	-3.128135
0.412929	368	0	0.082163	0.000005	-3.131504
0.412929	369	0	0.082163	0.000005	-3.134868
0.412929	370	0	0.082163	0.000005	-3.138226
0.412929	371	0	0.082163	0.000005	-3.141579
0.412929	372	0	0.082163	0.000005	-3.144926
0.412929	373	0	0.082163	0.000005	-3.148268
0.412929	374	0	0.082163	0.000005	-3.151604
0.412929	375	0	0.082163	0.000005	-3.154935
0.412929	376	0	0.082163	0.000005	-3.158260
0.412929	377	0	0.082163	0.000005	-3.161581
0.412929	378	0	0.082163	0.000005	-3.164895
0.412929	379	0	0.082163	0.000005	-3.168205
0.412929	380	0	0.082163	0.000005	-3.171509
0.412929	381	0	0.082163	0.000005	-3.174809
0.412929	382	0	0.082163	0.000005	-3.178102
0.412929	383	0	0.082163	0.000005	-3.181391
0.412929	384	0	0.082163	0.000005	-3.184674
0.412929	385	0	0.082163	0.000005	-3.187953
0.412929	386	0	0.082163	0.000005	-3.191226
0.412929	387	0	0.082163	0.000005	-3.194494
0.412929	388	0	0.082163	0.000005	-3.197757
0.412929	389	0	0.082163	0.000005	-3.201015
0.412929	390	0	0.082163	0.000005	-3.204268
0.412929	391	0	0.082163	0.000005	-3.207515
0.412929	392	0	0.082163	0.000005	-3.210758
0.412929	393	0	0.082163	0.000005	-3.213996
0.412929	394	0	0.082163	0.000005	-3.217229
0.412929	395	0	0.082163	0.000005	-3.220456
0.412929	396	0	0.082163	0.000005	-3.223679
0.412929	397	0	0.082163	0.000005	-3.226897
0.412929	398	0	0.082163	0.000004	-3.230110
0.412929	399	0	0.082163	0.000004	-3.233319
0.412929	400	0	0.082163	0.000004	-3.236522
0.412929	401	0	0.082163	0.000004	-3.239720
0.412929	402	0	0.082163	0.000004	-3.242914
0.412929	403	0	0.082163	0.000004	-3.246103
0.412929	404	0	0.082163	0.000004	-3.249287
0.412929	405	0	0.082163	0.000004	-3.252466
0.412929	406	0	0.082163	0.000004	-3.255641
0.412929	407	0	0.082163	0.000004	-3.258811
0.412929	408	0	0.082163	0.000004	-3.261976
0.412929	409	0	0.082163	0.000004	-3.265137
0.412929	410	0	0.082163	0.000004	-3.268292
0.412929	411	0	0.082163	0.000004	-3.271444
0.412929	412	0	0.082163	0.000004	-3.274590
0.412929	413	0	0.082163	0.000004	-3.277732
0.412929	414	0	0.082163	0.000004	-3.280869
0.412929	415	0	0.082163	0.000004	-3.284002
0.412929	416	0	0.082163	0.000004	-3.287130
0.412929	417	0	0.082163	0.000004	-3.290254
0.412929	418	0	0.082163	0.000004	-3.293373
0.412929	419	0	0.082163	0.000004	-3.296488
0.412929	420	0	0.082163	0.000004	-3.299598
0.412929	421	0	0.082163	0.000004	-3.302704
0.412929	422	0	0.082163	0.000004	-3.305805
0.412929	423	0	0.082163	0.000004	-3.308902
0.412929	424	0	0.082163	0.000004	-3.311994
0.412929	425	0	0.082163	0.000004	-3.315082
0.412929	426	0	0.082163	0.000004	-3.318166
0.412929	427	0	0.082163	0.000004	-3.321245
0.412929	428	0	0.082163	0.000004	-3.324320
0.412929	429	0	0.082163	0.000004	-3.327390
0.412929	430	0	0.082163	0.000004	-3.330456
0.412929	431	0	0.082163	0.000004	-3.333518
0.412929	432	0	0.082163	0.000004	-3.336576
0.412929	433	0	0.082163	0.000004	-3.339629
0.412929	434	0	0.082163	0.000004	-3.342678
0.412929	435	0	0.082163	0.000004	-3.345723
0.412929	436	0	0.082163	0.000004	-3.348763
0.412929	437	0	0.082163	0.000004	-3.351800
0.412929	438	0	0.082163	0.000004	-3.354832
0.412929	439	0	0.082163	0.000004	-3.357860
