0.623030	1	28624	0.082163	1.000000	0.052416
0.623030	2	5588	0.082163	0.240315	0.068953
0.623030	3	3275	0.082163	0.104367	0.080949
0.623030	4	2043	0.082163	0.057751	0.090706
0.623030	5	1309	0.082163	0.036494	0.099078
0.623030	6	1037	0.082163	0.025081	0.106488
0.623030	7	789	0.082163	0.018266	0.113184
0.623030	8	551	0.082163	0.013879	0.119323
0.623030	9	450	0.082163	0.010892	0.125015
0.623030	10	438	0.082163	0.008770	0.130335
0.623030	11	340	0.082163	0.007209	0.135344
0.623030	12	302	0.082163	0.006027	0.140083
0.623030	13	266	0.082163	0.005112	0.144590
0.623030	14	190	0.082163	0.004389	0.148892
0.623030	15	163	0.082163	0.003809	0.153012
0.623030	16	158	0.082163	0.003335	0.156968
0.623030	17	133	0.082163	0.002944	0.160779
0.623030	18	149	0.082163	0.002618	0.164455
0.623030	19	120	0.082163	0.002342	0.168011
0.623030	20	105	0.082163	0.002108	0.171455
0.623030	21	86	0.082163	0.001906	0.174796
0.623030	22	81	0.082163	0.001732	0.178043
0.623030	23	84	0.082163	0.001581	0.181202
0.623030	24	74	0.082163	0.001448	0.184278
0.623030	25	60	0.082163	0.001332	0.187278
0.623030	26	46	0.082163	0.001229	0.190207
0.623030	27	70	0.082163	0.001137	0.193068
0.623030	28	49	0.082163	0.001055	0.195866
0.623030	29	42	0.082163	0.000981	0.198604
0.623030	30	48	0.082163	0.000915	0.201285
0.623030	31	51	0.082163	0.000856	0.203913
0.623030	32	51	0.082163	0.000802	0.206490
0.623030	33	47	0.082163	0.000752	0.209019
0.623030	34	32	0.082163	0.000708	0.211503
0.623030	35	28	0.082163	0.000667	0.213942
0.623030	36	25	0.082163	0.000629	0.216339
0.623030	37	26	0.082163	0.000595	0.218697
0.623030	38	32	0.082163	0.000563	0.221017
0.623030	39	26	0.082163	0.000534	0.223299
0.623030	40	22	0.082163	0.000506	0.225547
0.623030	41	18	0.082163	0.000481	0.227761
0.623030	42	21	0.082163	0.000458	0.229943
0.623030	43	20	0.082163	0.000436	0.232093
0.623030	44	16	0.082163	0.000416	0.234214
0.623030	45	23	0.082163	0.000398	0.236305
0.623030	46	14	0.082163	0.000380	0.238369
0.623030	47	24	0.082163	0.000363	0.240406
0.623030	48	15	0.082163	0.000348	0.242416
0.623030	49	19	0.082163	0.000334	0.244402
0.623030	50	10	0.082163	0.000320	0.246363
0.623030	51	23	0.082163	0.000307	0.248300
0.623030	52	16	0.082163	0.000295	0.250215
0.623030	53	12	0.082163	0.000284	0.252108
0.623030	54	17	0.082163	0.000273	0.253979
0.623030	55	14	0.082163	0.000263	0.255829
0.623030	56	15	0.082163	0.000253	0.257659
0.623030	57	14	0.082163	0.000244	0.259470
0.623030	58	9	0.082163	0.000236	0.261261
0.623030	59	14	0.082163	0.000228	0.263034
0.623030	60	10	0.082163	0.000220	0.264789
0.623030	61	11	0.082163	0.000213	0.266526
0.623030	62	19	0.082163	0.000206	0.268246
0.623030	63	10	0.082163	0.000199	0.269949
0.623030	64	8	0.082163	0.000193	0.271636
0.623030	65	9	0.082163	0.000187	0.273307
0.623030	66	12	0.082163	0.000181	0.274963
0.623030	67	14	0.082163	0.000175	0.276604
0.623030	68	8	0.082163	0.000170	0.278229
0.623030	69	5	0.082163	0.000165	0.279841
0.623030	70	7	0.082163	0.000160	0.281438
0.623030	71	7	0.082163	0.000156	0.283022
0.623030	72	8	0.082163	0.000151	0.284592
0.623030	73	9	0.082163	0.000147	0.286150
0.623030	74	6	0.082163	0.000143	0.287694
0.623030	75	5	0.082163	0.000139	0.289226
0.623030	76	8	0.082163	0.000135	0.290745
0.623030	77	6	0.082163	0.000132	0.292253
0.623030	78	10	0.082163	0.000128	0.293748
0.623030	79	5	0.082163	0.000125	0.295232
0.623030	80	11	0.082163	0.000122	0.296705
0.623030	81	5	0.082163	0.000119	0.298167
0.623030	82	5	0.082163	0.000116	0.299618
0.623030	83	9	0.082163	0.000113	0.301058
0.623030	84	7	0.082163	0.000110	0.302487
0.623030	85	6	0.082163	0.000107	0.303907
0.623030	86	6	0.082163	0.000105	0.305316
0.623030	87	3	0.082163	0.000102	0.306716
0.623030	88	11	0.082163	0.000100	0.308106
0.623030	89	8	0.082163	0.000098	0.309486
0.623030	90	5	0.082163	0.000096	0.310857
0.623030	91	4	0.082163	0.000093	0.312219
0.623030	92	6	0.082163	0.000091	0.313572
0.623030	93	7	0.082163	0.000089	0.314916
0.623030	94	4	0.082163	0.000087	0.316251
0.623030	95	8	0.082163	0.000085	0.317578
0.623030	96	6	0.082163	0.000084	0.318896
0.623030	97	3	0.082163	0.000082	0.320206
0.623030	98	5	0.082163	0.000080	0.321508
0.623030	99	5	0.082163	0.000079	0.322802
0.623030	100	4	0.082163	0.000077	0.324088
0.623030	101	6	0.082163	0.000075	0.325366
0.623030	102	9	0.082163	0.000074	0.326637
0.623030	103	7	0.082163	0.000072	0.327900
0.623030	104	3	0.082163	0.000071	0.329155
0.623030	105	4	0.082163	0.000070	0.330404
0.623030	106	3	0.082163	0.000068	0.331645
0.623030	107	6	0.082163	0.000067	0.332879
0.623030	108	6	0.082163	0.000066	0.334107
0.623030	109	4	0.082163	0.000064	0.335327
0.623030	110	1	0.082163	0.000063	0.336541
0.623030	111	3	0.082163	0.000062	0.337748
0.623030	112	4	0.082163	0.000061	0.338948
0.623030	113	1	0.082163	0.000060	0.340142
0.623030	114	5	0.082163	0.000059	0.341330
0.623030	115	3	0.082163	0.000058	0.342511
0.623030	116	3	0.082163	0.000057	0.343686
0.623030	117	2	0.082163	0.000056	0.344855
0.623030	118	4	0.082163	0.000055	0.346018
0.623030	119	2	0.082163	0.000054	0.347175
0.623030	120	3	0.082163	0.000053	0.348327
0.623030	121	7	0.082163	0.000052	0.349472
0.623030	122	1	0.082163	0.000051	0.350612
0.623030	123	3	0.082163	0.000050	0.351746
0.623030	124	1	0.082163	0.000049	0.352874
0.623030	125	2	0.082163	0.000049	0.353997
0.623030	126	5	0.082163	0.000048	0.355115
0.623030	127	4	0.082163	0.000047	0.356227
0.623030	128	2	0.082163	0.000046	0.357334
0.623030	129	2	0.082163	0.000046	0.358436
0.623030	130	3	0.082163	0.000045	0.359533
0.623030	131	2	0.082163	0.000044	0.360624
0.623030	132	1	0.082163	0.000043	0.361711
0.623030	133	1	0.082163	0.000043	0.362792
0.623030	134	4	0.082163	0.000042	0.363869
0.623030	135	3	0.082163	0.000041	0.364941
0.623030	136	2	0.082163	0.000041	0.366008
0.623030	137	5	0.082163	0.000040	0.367070
0.623030	138	5	0.082163	0.000040	0.368128
0.623030	139	3	0.082163	0.000039	0.369181
0.623030	140	4	0.082163	0.000038	0.370229
0.623030	141	4	0.082163	0.000038	0.371273
0.623030	142	2	0.082163	0.000037	0.372313
0.623030	143	8	0.082163	0.000037	0.373348
0.623030	144	3	0.082163	0.000036	0.374378
0.623030	145	2	0.082163	0.000036	0.375405
0.623030	146	2	0.082163	0.000035	0.376427
0.623030	147	3	0.082163	0.000035	0.377445
0.623030	148	0	0.082163	0.000034	0.378458
0.623030	149	2	0.082163	0.000034	0.379468
0.623030	150	1	0.082163	0.000033	0.380473
0.623030	151	2	0.082163	0.000033	0.381475
0.623030	152	2	0.082163	0.000033	0.382472
0.623030	153	0	0.082163	0.000032	0.383466
0.623030	154	2	0.082163	0.000032	0.384455
0.623030	155	3	0.082163	0.000031	0.385441
0.623030	156	2	0.082163	0.000031	0.386423
0.623030	157	1	0.082163	0.000030	0.387401
0.623030	158	1	0.082163	0.000030	0.388375
0.623030	159	2	0.082163	0.000030	0.389346
0.623030	160	2	0.082163	0.000029	0.390312
0.623030	161	0	0.082163	0.000029	0.391276
0.623030	162	2	0.082163	0.000029	0.392235
0.623030	163	1	0.082163	0.000028	0.393191
0.623030	164	0	0.082163	0.000028	0.394144
0.623030	165	2	0.082163	0.000027	0.395093
0.623030	166	1	0.082163	0.000027	0.396038
0.623030	167	2	0.082163	0.000027	0.396980
0.623030	168	1	0.082163	0.000026	0.397919
0.623030	169	1	0.082163	0.000026	0.398855
0.623030	170	0	0.082163	0.000026	0.399787
0.623030	171	3	0.082163	0.000026	0.400715
0.623030	172	0	0.082163	0.000025	0.401641
0.623030	173	4	0.082163	0.000025	0.402563
0.623030	174	0	0.082163	0.000025	0.403482
0.623030	175	0	0.082163	0.000024	0.404397
0.623030	176	3	0.082163	0.000024	0.405310
0.623030	177	2	0.082163	0.000024	0.406219
0.623030	178	0	0.082163	0.000023	0.407126
0.623030	179	4	0.082163	0.000023	0.408029
0.623030	180	2	0.082163	0.000023	0.408929
0.623030	181	2	0.082163	0.000023	0.409827
0.623030	182	1	0.082163	0.000022	0.410721
0.623030	183	3	0.082163	0.000022	0.411612
0.623030	184	2	0.082163	0.000022	0.412500
0.623030	185	3	0.082163	0.000022	0.413386
0.623030	186	2	0.082163	0.000021	0.414268
0.623030	187	1	0.082163	0.000021	0.415148
0.623030	188	2	0.082163	0.000021	0.416025
0.623030	189	0	0.082163	0.000021	0.416899
0.623030	190	3	0.082163	0.000021	0.417770
0.623030	191	1	0.082163	0.000020	0.418639
0.623030	192	0	0.082163	0.000020	0.419504
0.623030	193	0	0.082163	0.000020	0.420367
0.623030	194	3	0.082163	0.000020	0.421228
0.623030	195	2	0.082163	0.000019	0.422085
0.623030	196	1	0.082163	0.000019	0.422940
0.623030	197	3	0.082163	0.000019	0.423793
0.623030	198	2	0.082163	0.000019	0.424642
0.623030	199	3	0.082163	0.000019	0.425489
0.623030	200	0	0.082163	0.000018	0.426334
0.623030	201	1	0.082163	0.000018	0.427176
0.623030	202	0	0.082163	0.000018	0.428016
0.623030	203	0	0.082163	0.000018	0.428853
0.623030	204	1	0.082163	0.000018	0.429687
0.623030	205	1	0.082163	0.000018	0.430519
0.623030	206	1	0.082163	0.000017	0.431349
0.623030	207	1	0.082163	0.000017	0.432176
0.623030	208	0	0.082163	0.000017	0.433000
0.623030	209	2	0.082163	0.000017	0.433823
0.623030	210	0	0.082163	0.000017	0.434643
0.623030	211	1	0.082163	0.000017	0.435460
0.623030	212	0	0.082163	0.000016	0.436276
0.623030	213	0	0.082163	0.000016	0.437089
0.623030	214	0	0.082163	0.000016	0.437899
0.623030	215	2	0.082163	0.000016	0.438708
0.623030	216	0	0.082163	0.000016	0.439514
0.623030	217	1	0.082163	0.000016	0.440318
0.623030	218	1	0.082163	0.000015	0.441119
0.623030	219	4	0.082163	0.000015	0.441919
0.623030	220	0	0.082163	0.000015	0.442716
0.623030	221	2	0.082163	0.000015	0.443511
0.623030	222	1	0.082163	0.000015	0.444304
0.623030	223	0	0.082163	0.000015	0.445094
0.623030	224	0	0.082163	0.000015	0.445883
0.623030	225	0	0.082163	0.000015	0.446669
0.623030	226	1	0.082163	0.000014	0.447453
0.623030	227	6	0.082163	0.000014	0.448236
0.623030	228	0	0.082163	0.000014	0.449016
0.623030	229	0	0.082163	0.000014	0.449794
0.623030	230	0	0.082163	0.000014	0.450570
0.623030	231	0	0.082163	0.000014	0.451344
0.623030	232	2	0.082163	0.000014	0.452116
0.623030	233	1	0.082163	0.000014	0.452886
0.623030	234	0	0.082163	0.000013	0.453654
0.623030	235	0	0.082163	0.000013	0.454420
0.623030	236	1	0.082163	0.000013	0.455184
0.623030	237	1	0.082163	0.000013	0.455946
0.623030	238	0	0.082163	0.000013	0.456706
0.623030	239	0	0.082163	0.000013	0.457464
0.623030	240	0	0.082163	0.000013	0.458220
0.623030	241	0	0.082163	0.000013	0.458974
0.623030	242	1	0.082163	0.000012	0.459727
0.623030	243	1	0.082163	0.000012	0.460477
0.623030	244	1	0.082163	0.000012	0.461226
0.623030	245	0	0.082163	0.000012	0.461973
0.623030	246	0	0.082163	0.000012	0.462718
0.623030	247	1	0.082163	0.000012	0.463461
0.623030	248	0	0.082163	0.000012	0.464203
0.623030	249	1	0.082163	0.000012	0.464942
0.623030	250	2	0.082163	0.000012	0.465680
0.623030	251	0	0.082163	0.000012	0.466416
0.623030	252	0	0.082163	0.000011	0.467150
0.623030	253	0	0.082163	0.000011	0.467883
0.623030	254	0	0.082163	0.000011	0.468613
0.623030	255	0	0.082163	0.000011	0.469342
0.623030	256	1	0.082163	0.000011	0.470070
0.623030	257	0	0.082163	0.000011	0.470795
0.623030	258	0	0.082163	0.000011	0.471519
0.623030	259	3	0.082163	0.000011	0.472241
0.623030	260	1	0.082163	0.000011	0.472962
0.623030	261	0	0.082163	0.000011	0.473681
0.623030	262	1	0.082163	0.000011	0.474398
0.623030	263	0	0.082163	0.000011	0.475113
0.623030	264	2	0.082163	0.000010	0.475827
0.623030	265	1	0.082163	0.000010	0.476539
0.623030	266	1	0.082163	0.000010	0.477250
0.623030	267	1	0.082163	0.000010	0.477959
0.623030	268	0	0.082163	0.000010	0.478666
0.623030	269	1	0.082163	0.000010	0.479372
0.623030	270	1	0.082163	0.000010	0.480076
0.623030	271	0	0.082163	0.000010	0.480779
0.623030	272	0	0.082163	0.000010	0.481480
0.623030	273	1	0.082163	0.000010	0.482179
0.623030	274	0	0.082163	0.000010	0.482877
0.623030	275	0	0.082163	0.000010	0.483574
0.623030	276	0	0.082163	0.000010	0.484268
0.623030	277	1	0.082163	0.000009	0.484962
0.623030	278	0	0.082163	0.000009	0.485654
0.623030	279	1	0.082163	0.000009	0.486344
0.623030	280	0	0.082163	0.000009	0.487033
0.623030	281	0	0.082163	0.000009	0.487720
0.623030	282	0	0.082163	0.000009	0.488406
0.623030	283	0	0.082163	0.000009	0.489091
0.623030	284	0	0.082163	0.000009	0.489773
0.623030	285	0	0.082163	0.000009	0.490455
0.623030	286	1	0.082163	0.000009	0.491135
0.623030	287	1	0.082163	0.000009	0.491814
0.623030	288	0	0.082163	0.000009	0.492491
0.623030	289	0	0.082163	0.000009	0.493167
0.623030	290	0	0.082163	0.000009	0.493841
0.623030	291	1	0.082163	0.000009	0.494514
0.623030	292	0	0.082163	0.000008	0.495186
0.623030	293	0	0.082163	0.000008	0.495856
0.623030	294	0	0.082163	0.000008	0.496525
0.623030	295	0	0.082163	0.000008	0.497192
0.623030	296	1	0.082163	0.000008	0.497858
0.623030	297	0	0.082163	0.000008	0.498523
0.623030	298	1	0.082163	0.000008	0.499186
0.623030	299	1	0.082163	0.000008	0.499848
0.623030	300	3	0.082163	0.000008	0.500509
0.623030	301	0	0.082163	0.000008	0.501168
0.623030	302	2	0.082163	0.000008	0.501826
0.623030	303	1	0.082163	0.000008	0.502483
0.623030	304	1	0.082163	0.000008	0.503138
0.623030	305	2	0.082163	0.000008	0.503792
0.623030	306	0	0.082163	0.000008	0.504445
0.623030	307	0	0.082163	0.000008	0.505097
0.623030	308	0	0.082163	0.000008	0.505747
0.623030	309	2	0.082163	0.000008	0.506396
0.623030	310	1	0.082163	0.000008	0.507043
0.623030	311	0	0.082163	0.000007	0.507690
0.623030	312	0	0.082163	0.000007	0.508335
0.623030	313	0	0.082163	0.000007	0.508979
0.623030	314	0	0.082163	0.000007	0.509622
0.623030	315	0	0.082163	0.000007	0.510263
0.623030	316	0	0.082163	0.000007	0.510903
0.623030	317	0	0.082163	0.000007	0.511542
0.623030	318	1	0.082163	0.000007	0.512180
0.623030	319	1	0.082163	0.000007	0.512817
0.623030	320	0	0.082163	0.000007	0.513452
0.623030	321	0	0.082163	0.000007	0.514086
0.623030	322	0	0.082163	0.000007	0.514719
0.623030	323	1	0.082163	0.000007	0.515351
0.623030	324	0	0.082163	0.000007	0.515982
0.623030	325	0	0.082163	0.000007	0.516611
0.623030	326	1	0.082163	0.000007	0.517239
0.623030	327	1	0.082163	0.000007	0.517866
0.623030	328	1	0.082163	0.000007	0.518492
0.623030	329	0	0.082163	0.000007	0.519117
0.623030	330	0	0.082163	0.000007	0.519741
0.623030	331	1	0.082163	0.000007	0.520363
0.623030	332	1	0.082163	0.000007	0.520984
0.623030	333	0	0.082163	0.000006	0.521605
0.623030	334	0	0.082163	0.000006	0.522224
0.623030	335	0	0.082163	0.000006	0.522842
0.623030	336	0	0.082163	0.000006	0.523459
0.623030	337	0	0.082163	0.000006	0.524074
0.623030	338	2	0.082163	0.000006	0.524689
0.623030	339	1	0.082163	0.000006	0.525303
0.623030	340	1	0.082163	0.000006	0.525915
0.623030	341	1	0.082163	0.000006	0.526526
0.623030	342	1	0.082163	0.000006	0.527137
0.623030	343	1	0.082163	0.000006	0.527746
0.623030	344	2	0.082163	0.000006	0.528354
0.623030	345	0	0.082163	0.000006	0.528961
0.623030	346	0	0.082163	0.000006	0.529567
0.623030	347	0	0.082163	0.000006	0.530172
0.623030	348	0	0.082163	0.000006	0.530776
0.623030	349	1	0.082163	0.000006	0.531379
0.623030	350	2	0.082163	0.000006	0.531981
0.623030	351	1	0.082163	0.000006	0.532581
0.623030	352	0	0.082163	0.000006	0.533181
0.623030	353	1	0.082163	0.000006	0.533780
0.623030	354	0	0.082163	0.000006	0.534378
0.623030	355	0	0.082163	0.000006	0.534974
0.623030	356	0	0.082163	0.000006	0.535570
0.623030	357	0	0.082163	0.000006	0.536165
0.623030	358	0	0.082163	0.000006	0.536758
0.623030	359	1	0.082163	0.000006	0.537351
0.623030	360	0	0.082163	0.000006	0.537942
0.623030	361	0	0.082163	0.000005	0.538533
0.623030	362	0	0.082163	0.000005	0.539123
0.623030	363	0	0.082163	0.000005	0.539711
0.623030	364	2	0.082163	0.000005	0.540299
0.623030	365	0	0.082163	0.000005	0.540886
0.623030	366	0	0.082163	0.000005	0.541472
0.623030	367	1	0.082163	0.000005	0.542056
0.623030	368	1	0.082163	0.000005	0.542640
0.623030	369	0	0.082163	0.000005	0.543223
0.623030	370	0	0.082163	0.000005	0.543805
0.623030	371	0	0.082163	0.000005	0.544386
0.623030	372	0	0.082163	0.000005	0.544966
0.623030	373	1	0.082163	0.000005	0.545545
0.623030	374	1	0.082163	0.000005	0.546123
0.623030	375	0	0.082163	0.000005	0.546700
0.623030	376	0	0.082163	0.000005	0.547277
0.623030	377	0	0.082163	0.000005	0.547852
0.623030	378	1	0.082163	0.000005	0.548426
0.623030	379	3	0.082163	0.000005	0.549000
0.623030	380	0	0.082163	0.000005	0.549572
0.623030	381	0	0.082163	0.000005	0.550144
0.623030	382	0	0.082163	0.000005	0.550715
0.623030	383	1	0.082163	0.000005	0.551285
0.623030	384	0	0.082163	0.000005	0.551854
0.623030	385	0	0.082163	0.000005	0.552422
0.623030	386	0	0.082163	0.000005	0.552989
0.623030	387	0	0.082163	0.000005	0.553555
0.623030	388	1	0.082163	0.000005	0.554121
0.623030	389	0	0.082163	0.000005	0.554685
0.623030	390	0	0.082163	0.000005	0.555249
0.623030	391	0	0.082163	0.000005	0.555812
0.623030	392	1	0.082163	0.000005	0.556374
0.623030	393	1	0.082163	0.000005	0.556935
0.623030	394	0	0.082163	0.000005	0.557495
0.623030	395	1	0.082163	0.000005	0.558054
0.623030	396	0	0.082163	0.000005	0.558613
0.623030	397	0	0.082163	0.000005	0.559170
0.623030	398	0	0.082163	0.000004	0.559727
0.623030	399	0	0.082163	0.000004	0.560283
0.623030	400	1	0.082163	0.000004	0.560838
0.623030	401	0	0.082163	0.000004	0.561392
0.623030	402	0	0.082163	0.000004	0.561946
0.623030	403	0	0.082163	0.000004	0.562498
0.623030	404	1	0.082163	0.000004	0.563050
0.623030	405	1	0.082163	0.000004	0.563601
0.623030	406	1	0.082163	0.000004	0.564151
0.623030	407	0	0.082163	0.000004	0.564700
0.623030	408	1	0.082163	0.000004	0.565249
0.623030	409	1	0.082163	0.000004	0.565797
0.623030	410	0	0.082163	0.000004	0.566343
0.623030	411	2	0.082163	0.000004	0.566889
0.623030	412	0	0.082163	0.000004	0.567435
0.623030	413	0	0.082163	0.000004	0.567979
0.623030	414	2	0.082163	0.000004	0.568523
0.623030	415	0	0.082163	0.000004	0.569066
0.623030	416	2	0.082163	0.000004	0.569608
0.623030	417	1	0.082163	0.000004	0.570149
0.623030	418	1	0.082163	0.000004	0.570689
0.623030	419	0	0.082163	0.000004	0.571229
0.623030	420	0	0.082163	0.000004	0.571768
0.623030	421	1	0.082163	0.000004	0.572306
0.623030	422	0	0.082163	0.000004	0.572844
0.623030	423	0	0.082163	0.000004	0.573380
0.623030	424	0	0.082163	0.000004	0.573916
0.623030	425	2	0.082163	0.000004	0.574451
0.623030	426	0	0.082163	0.000004	0.574986
0.623030	427	0	0.082163	0.000004	0.575519
0.623030	428	0	0.082163	0.000004	0.576052
0.623030	429	0	0.082163	0.000004	0.576584
0.623030	430	0	0.082163	0.000004	0.577115
0.623030	431	0	0.082163	0.000004	0.577646
0.623030	432	1	0.082163	0.000004	0.578176
0.623030	433	0	0.082163	0.000004	0.578705
0.623030	434	0	0.082163	0.000004	0.579233
0.623030	435	0	0.082163	0.000004	0.579761
0.623030	436	1	0.082163	0.000004	0.580288
0.623030	437	2	0.082163	0.000004	0.580814
0.623030	438	0	0.082163	0.000004	0.581339
0.623030	439	0	0.082163	0.000004	0.581864
