0.687677	1	14987	0.082163	1.000000	0.161616
0.687677	2	2426	0.082163	0.240315	0.212605
0.687677	3	1226	0.082163	0.104367	0.249594
0.687677	4	752	0.082163	0.057751	0.279679
0.687677	5	466	0.082163	0.036494	0.305491
0.687677	6	335	0.082163	0.025081	0.328339
0.687677	7	251	0.082163	0.018266	0.348985
0.687677	8	176	0.082163	0.013879	0.367915
0.687677	9	144	0.082163	0.010892	0.385464
0.687677	10	107	0.082163	0.008770	0.401870
0.687677	11	83	0.082163	0.007209	0.417311
0.687677	12	62	0.082163	0.006027	0.431926
0.687677	13	44	0.082163	0.005112	0.445822
0.687677	14	50	0.082163	0.004389	0.459086
0.687677	15	37	0.082163	0.003809	0.471788
0.687677	16	36	0.082163	0.003335	0.483989
0.687677	17	32	0.082163	0.002944	0.495737
0.687677	18	31	0.082163	0.002618	0.507074
0.687677	19	34	0.082163	0.002342	0.518036
0.687677	20	17	0.082163	0.002108	0.528656
0.687677	21	18	0.082163	0.001906	0.538958
0.687677	22	14	0.082163	0.001732	0.548969
0.687677	23	18	0.082163	0.001581	0.558708
0.687677	24	13	0.082163	0.001448	0.568194
0.687677	25	13	0.082163	0.001332	0.577445
0.687677	26	11	0.082163	0.001229	0.586474
0.687677	27	6	0.082163	0.001137	0.595296
0.687677	28	4	0.082163	0.001055	0.603922
0.687677	29	9	0.082163	0.000981	0.612365
0.687677	30	3	0.082163	0.000915	0.620633
0.687677	31	7	0.082163	0.000856	0.628736
0.687677	32	8	0.082163	0.000802	0.636682
0.687677	33	7	0.082163	0.000752	0.644480
0.687677	34	4	0.082163	0.000708	0.652136
0.687677	35	4	0.082163	0.000667	0.659658
0.687677	36	6	0.082163	0.000629	0.667050
0.687677	37	2	0.082163	0.000595	0.674320
0.687677	38	6	0.082163	0.000563	0.681472
0.687677	39	5	0.082163	0.000534	0.688510
0.687677	40	2	0.082163	0.000506	0.695441
0.687677	41	2	0.082163	0.000481	0.702268
0.687677	42	3	0.082163	0.000458	0.708994
0.687677	43	2	0.082163	0.000436	0.715625
0.687677	44	0	0.082163	0.000416	0.722163
0.687677	45	3	0.082163	0.000398	0.728612
0.687677	46	4	0.082163	0.000380	0.734975
0.687677	47	1	0.082163	0.000363	0.741254
0.687677	48	0	0.082163	0.000348	0.747454
0.687677	49	1	0.082163	0.000334	0.753576
0.687677	50	4	0.082163	0.000320	0.759623
0.687677	51	3	0.082163	0.000307	0.765597
0.687677	52	5	0.082163	0.000295	0.771501
0.687677	53	1	0.082163	0.000284	0.777336
0.687677	54	4	0.082163	0.000273	0.783106
0.687677	55	2	0.082163	0.000263	0.788811
0.687677	56	2	0.082163	0.000253	0.794454
0.687677	57	0	0.082163	0.000244	0.800036
0.687677	58	3	0.082163	0.000236	0.805559
0.687677	59	1	0.082163	0.000228	0.811025
0.687677	60	1	0.082163	0.000220	0.816436
0.687677	61	1	0.082163	0.000213	0.821792
0.687677	62	2	0.082163	0.000206	0.827095
0.687677	63	0	0.082163	0.000199	0.832347
0.687677	64	0	0.082163	0.000193	0.837549
0.687677	65	2	0.082163	0.000187	0.842702
0.687677	66	1	0.082163	0.000181	0.847807
0.687677	67	3	0.082163	0.000175	0.852866
0.687677	68	0	0.082163	0.000170	0.857879
0.687677	69	1	0.082163	0.000165	0.862848
0.687677	70	0	0.082163	0.000160	0.867773
0.687677	71	2	0.082163	0.000156	0.872656
0.687677	72	1	0.082163	0.000151	0.877498
0.687677	73	0	0.082163	0.000147	0.882299
0.687677	74	1	0.082163	0.000143	0.887061
0.687677	75	0	0.082163	0.000139	0.891784
0.687677	76	1	0.082163	0.000135	0.896469
0.687677	77	0	0.082163	0.000132	0.901117
0.687677	78	0	0.082163	0.000128	0.905728
0.687677	79	1	0.082163	0.000125	0.910304
0.687677	80	2	0.082163	0.000122	0.914846
0.687677	81	0	0.082163	0.000119	0.919352
0.687677	82	0	0.082163	0.000116	0.923826
0.687677	83	0	0.082163	0.000113	0.928266
0.687677	84	0	0.082163	0.000110	0.932675
0.687677	85	0	0.082163	0.000107	0.937052
0.687677	86	0	0.082163	0.000105	0.941397
0.687677	87	0	0.082163	0.000102	0.945713
0.687677	88	1	0.082163	0.000100	0.949998
0.687677	89	0	0.082163	0.000098	0.954254
0.687677	90	1	0.082163	0.000096	0.958481
0.687677	91	1	0.082163	0.000093	0.962680
0.687677	92	0	0.082163	0.000091	0.966852
0.687677	93	0	0.082163	0.000089	0.970995
0.687677	94	1	0.082163	0.000087	0.975113
0.687677	95	0	0.082163	0.000085	0.979203
0.687677	96	1	0.082163	0.000084	0.983268
0.687677	97	0	0.082163	0.000082	0.987307
0.687677	98	0	0.082163	0.000080	0.991321
0.687677	99	1	0.082163	0.000079	0.995311
0.687677	100	0	0.082163	0.000077	0.999276
0.687677	101	0	0.082163	0.000075	1.003217
0.687677	102	0	0.082163	0.000074	1.007135
0.687677	103	1	0.082163	0.000072	1.011029
0.687677	104	0	0.082163	0.000071	1.014901
0.687677	105	0	0.082163	0.000070	1.018751
0.687677	106	0	0.082163	0.000068	1.022578
0.687677	107	2	0.082163	0.000067	1.026383
0.687677	108	0	0.082163	0.000066	1.030167
0.687677	109	0	0.082163	0.000064	1.033930
0.687677	110	0	0.082163	0.000063	1.037672
0.687677	111	0	0.082163	0.000062	1.041394
0.687677	112	0	0.082163	0.000061	1.045096
0.687677	113	0	0.082163	0.000060	1.048777
0.687677	114	0	0.082163	0.000059	1.052439
0.687677	115	0	0.082163	0.000058	1.056081
0.687677	116	0	0.082163	0.000057	1.059705
0.687677	117	0	0.082163	0.000056	1.063309
0.687677	118	0	0.082163	0.000055	1.066895
0.687677	119	0	0.082163	0.000054	1.070463
0.687677	120	0	0.082163	0.000053	1.074013
0.687677	121	0	0.082163	0.000052	1.077545
0.687677	122	0	0.082163	0.000051	1.081059
0.687677	123	0	0.082163	0.000050	1.084556
0.687677	124	0	0.082163	0.000049	1.088035
0.687677	125	0	0.082163	0.000049	1.091498
0.687677	126	0	0.082163	0.000048	1.094944
0.687677	127	0	0.082163	0.000047	1.098374
0.687677	128	0	0.082163	0.000046	1.101787
0.687677	129	0	0.082163	0.000046	1.105184
0.687677	130	0	0.082163	0.000045	1.108565
0.687677	131	0	0.082163	0.000044	1.111931
0.687677	132	0	0.082163	0.000043	1.115281
0.687677	133	0	0.082163	0.000043	1.118616
0.687677	134	1	0.082163	0.000042	1.121936
0.687677	135	0	0.082163	0.000041	1.125241
0.687677	136	0	0.082163	0.000041	1.128531
0.687677	137	0	0.082163	0.000040	1.131806
0.687677	138	0	0.082163	0.000040	1.135067
0.687677	139	0	0.082163	0.000039	1.138314
0.687677	140	1	0.082163	0.000038	1.141547
0.687677	141	0	0.082163	0.000038	1.144765
0.687677	142	0	0.082163	0.000037	1.147970
0.687677	143	0	0.082163	0.000037	1.151162
0.687677	144	0	0.082163	0.000036	1.154340
0.687677	145	0	0.082163	0.000036	1.157504
0.687677	146	0	0.082163	0.000035	1.160656
0.687677	147	0	0.082163	0.000035	1.163794
0.687677	148	0	0.082163	0.000034	1.166919
0.687677	149	0	0.082163	0.000034	1.170032
0.687677	150	0	0.082163	0.000033	1.173132
0.687677	151	0	0.082163	0.000033	1.176220
0.687677	152	0	0.082163	0.000033	1.179296
0.687677	153	0	0.082163	0.000032	1.182359
0.687677	154	0	0.082163	0.000032	1.185410
0.687677	155	1	0.082163	0.000031	1.188449
0.687677	156	0	0.082163	0.000031	1.191476
0.687677	157	0	0.082163	0.000030	1.194492
0.687677	158	0	0.082163	0.000030	1.197496
0.687677	159	0	0.082163	0.000030	1.200489
0.687677	160	0	0.082163	0.000029	1.203470
0.687677	161	0	0.082163	0.000029	1.206440
0.687677	162	1	0.082163	0.000029	1.209399
0.687677	163	0	0.082163	0.000028	1.212347
0.687677	164	0	0.082163	0.000028	1.215283
0.687677	165	1	0.082163	0.000027	1.218210
0.687677	166	0	0.082163	0.000027	1.221125
0.687677	167	0	0.082163	0.000027	1.224030
0.687677	168	0	0.082163	0.000026	1.226924
0.687677	169	0	0.082163	0.000026	1.229808
0.687677	170	0	0.082163	0.000026	1.232682
0.687677	171	0	0.082163	0.000026	1.235545
0.687677	172	0	0.082163	0.000025	1.238398
0.687677	173	0	0.082163	0.000025	1.241242
0.687677	174	0	0.082163	0.000025	1.244075
0.687677	175	0	0.082163	0.000024	1.246899
0.687677	176	0	0.082163	0.000024	1.249713
0.687677	177	0	0.082163	0.000024	1.252517
0.687677	178	0	0.082163	0.000023	1.255312
0.687677	179	0	0.082163	0.000023	1.258097
0.687677	180	0	0.082163	0.000023	1.260872
0.687677	181	0	0.082163	0.000023	1.263639
0.687677	182	0	0.082163	0.000022	1.266396
0.687677	183	0	0.082163	0.000022	1.269144
0.687677	184	1	0.082163	0.000022	1.271883
0.687677	185	0	0.082163	0.000022	1.274613
0.687677	186	0	0.082163	0.000021	1.277335
0.687677	187	0	0.082163	0.000021	1.280047
0.687677	188	0	0.082163	0.000021	1.282751
0.687677	189	0	0.082163	0.000021	1.285445
0.687677	190	0	0.082163	0.000021	1.288132
0.687677	191	0	0.082163	0.000020	1.290810
0.687677	192	0	0.082163	0.000020	1.293479
0.687677	193	0	0.082163	0.000020	1.296140
0.687677	194	0	0.082163	0.000020	1.298792
0.687677	195	0	0.082163	0.000019	1.301437
0.687677	196	0	0.082163	0.000019	1.304073
0.687677	197	0	0.082163	0.000019	1.306701
0.687677	198	0	0.082163	0.000019	1.309321
0.687677	199	0	0.082163	0.000019	1.311933
0.687677	200	0	0.082163	0.000018	1.314537
0.687677	201	0	0.082163	0.000018	1.317133
0.687677	202	0	0.082163	0.000018	1.319722
0.687677	203	0	0.082163	0.000018	1.322302
0.687677	204	0	0.082163	0.000018	1.324875
0.687677	205	0	0.082163	0.000018	1.327441
0.687677	206	0	0.082163	0.000017	1.329999
0.687677	207	0	0.082163	0.000017	1.332549
0.687677	208	0	0.082163	0.000017	1.335092
0.687677	209	0	0.082163	0.000017	1.337628
0.687677	210	0	0.082163	0.000017	1.340156
0.687677	211	0	0.082163	0.000017	1.342677
0.687677	212	0	0.082163	0.000016	1.345191
0.687677	213	0	0.082163	0.000016	1.347697
0.687677	214	0	0.082163	0.000016	1.350197
0.687677	215	0	0.082163	0.000016	1.352689
0.687677	216	0	0.082163	0.000016	1.355175
0.687677	217	0	0.082163	0.000016	1.357653
0.687677	218	0	0.082163	0.000015	1.360125
0.687677	219	0	0.082163	0.000015	1.362590
0.687677	220	0	0.082163	0.000015	1.365048
0.687677	221	0	0.082163	0.000015	1.367499
0.687677	222	0	0.082163	0.000015	1.369943
0.687677	223	0	0.082163	0.000015	1.372381
0.687677	224	0	0.082163	0.000015	1.374813
0.687677	225	0	0.082163	0.000015	1.377237
0.687677	226	0	0.082163	0.000014	1.379655
0.687677	227	0	0.082163	0.000014	1.382067
0.687677	228	0	0.082163	0.000014	1.384473
0.687677	229	0	0.082163	0.000014	1.386872
0.687677	230	0	0.082163	0.000014	1.389264
0.687677	231	0	0.082163	0.000014	1.391651
0.687677	232	0	0.082163	0.000014	1.394031
0.687677	233	0	0.082163	0.000014	1.396405
0.687677	234	0	0.082163	0.000013	1.398773
0.687677	235	0	0.082163	0.000013	1.401134
0.687677	236	0	0.082163	0.000013	1.403490
0.687677	237	0	0.082163	0.000013	1.405840
0.687677	238	0	0.082163	0.000013	1.408183
0.687677	239	0	0.082163	0.000013	1.410521
0.687677	240	1	0.082163	0.000013	1.412853
0.687677	241	0	0.082163	0.000013	1.415179
0.687677	242	0	0.082163	0.000012	1.417499
0.687677	243	0	0.082163	0.000012	1.419813
0.687677	244	0	0.082163	0.000012	1.422122
0.687677	245	0	0.082163	0.000012	1.424425
0.687677	246	0	0.082163	0.000012	1.426722
0.687677	247	0	0.082163	0.000012	1.429013
0.687677	248	0	0.082163	0.000012	1.431299
0.687677	249	0	0.082163	0.000012	1.433580
0.687677	250	0	0.082163	0.000012	1.435854
0.687677	251	0	0.082163	0.000012	1.438124
0.687677	252	0	0.082163	0.000011	1.440388
0.687677	253	1	0.082163	0.000011	1.442646
0.687677	254	0	0.082163	0.000011	1.444899
0.687677	255	0	0.082163	0.000011	1.447147
0.687677	256	0	0.082163	0.000011	1.449389
0.687677	257	0	0.082163	0.000011	1.451627
0.687677	258	0	0.082163	0.000011	1.453858
0.687677	259	0	0.082163	0.000011	1.456085
0.687677	260	0	0.082163	0.000011	1.458307
0.687677	261	0	0.082163	0.000011	1.460523
0.687677	262	0	0.082163	0.000011	1.462734
0.687677	263	0	0.082163	0.000011	1.464940
0.687677	264	0	0.082163	0.000010	1.467141
0.687677	265	0	0.082163	0.000010	1.469337
0.687677	266	0	0.082163	0.000010	1.471528
0.687677	267	0	0.082163	0.000010	1.473714
0.687677	268	0	0.082163	0.000010	1.475895
0.687677	269	0	0.082163	0.000010	1.478071
0.687677	270	0	0.082163	0.000010	1.480242
0.687677	271	0	0.082163	0.000010	1.482409
0.687677	272	0	0.082163	0.000010	1.484570
0.687677	273	0	0.082163	0.000010	1.486727
0.687677	274	0	0.082163	0.000010	1.488879
0.687677	275	0	0.082163	0.000010	1.491027
0.687677	276	0	0.082163	0.000010	1.493169
0.687677	277	0	0.082163	0.000009	1.495307
0.687677	278	0	0.082163	0.000009	1.497440
0.687677	279	0	0.082163	0.000009	1.499569
0.687677	280	0	0.082163	0.000009	1.501693
0.687677	281	0	0.082163	0.000009	1.503812
0.687677	282	0	0.082163	0.000009	1.505927
0.687677	283	0	0.082163	0.000009	1.508037
0.687677	284	0	0.082163	0.000009	1.510143
0.687677	285	0	0.082163	0.000009	1.512244
0.687677	286	1	0.082163	0.000009	1.514341
0.687677	287	0	0.082163	0.000009	1.516434
0.687677	288	0	0.082163	0.000009	1.518522
0.687677	289	0	0.082163	0.000009	1.520605
0.687677	290	0	0.082163	0.000009	1.522685
0.687677	291	0	0.082163	0.000009	1.524760
0.687677	292	0	0.082163	0.000008	1.526830
0.687677	293	0	0.082163	0.000008	1.528897
0.687677	294	0	0.082163	0.000008	1.530959
0.687677	295	0	0.082163	0.000008	1.533017
0.687677	296	0	0.082163	0.000008	1.535071
0.687677	297	0	0.082163	0.000008	1.537120
0.687677	298	0	0.082163	0.000008	1.539165
0.687677	299	0	0.082163	0.000008	1.541207
0.687677	300	0	0.082163	0.000008	1.543244
0.687677	301	0	0.082163	0.000008	1.545277
0.687677	302	0	0.082163	0.000008	1.547306
0.687677	303	0	0.082163	0.000008	1.549330
0.687677	304	0	0.082163	0.000008	1.551351
0.687677	305	1	0.082163	0.000008	1.553368
0.687677	306	0	0.082163	0.000008	1.555381
0.687677	307	0	0.082163	0.000008	1.557390
0.687677	308	0	0.082163	0.000008	1.559395
0.687677	309	0	0.082163	0.000008	1.561396
0.687677	310	0	0.082163	0.000008	1.563393
0.687677	311	0	0.082163	0.000007	1.565386
0.687677	312	0	0.082163	0.000007	1.567375
0.687677	313	0	0.082163	0.000007	1.569360
0.687677	314	0	0.082163	0.000007	1.571342
0.687677	315	0	0.082163	0.000007	1.573320
0.687677	316	0	0.082163	0.000007	1.575294
0.687677	317	0	0.082163	0.000007	1.577264
0.687677	318	0	0.082163	0.000007	1.579231
0.687677	319	0	0.082163	0.000007	1.581193
0.687677	320	0	0.082163	0.000007	1.583152
0.687677	321	0	0.082163	0.000007	1.585108
0.687677	322	0	0.082163	0.000007	1.587059
0.687677	323	0	0.082163	0.000007	1.589007
0.687677	324	0	0.082163	0.000007	1.590952
0.687677	325	0	0.082163	0.000007	1.592892
0.687677	326	0	0.082163	0.000007	1.594829
0.687677	327	0	0.082163	0.000007	1.596763
0.687677	328	0	0.082163	0.000007	1.598693
0.687677	329	0	0.082163	0.000007	1.600619
0.687677	330	0	0.082163	0.000007	1.602542
0.687677	331	0	0.082163	0.000007	1.604462
0.687677	332	0	0.082163	0.000007	1.606377
0.687677	333	0	0.082163	0.000006	1.608290
0.687677	334	0	0.082163	0.000006	1.610199
0.687677	335	0	0.082163	0.000006	1.612104
0.687677	336	0	0.082163	0.000006	1.614006
0.687677	337	0	0.082163	0.000006	1.615905
0.687677	338	0	0.082163	0.000006	1.617800
0.687677	339	0	0.082163	0.000006	1.619692
0.687677	340	0	0.082163	0.000006	1.621580
0.687677	341	0	0.082163	0.000006	1.623465
0.687677	342	0	0.082163	0.000006	1.625347
0.687677	343	0	0.082163	0.000006	1.627225
0.687677	344	0	0.082163	0.000006	1.629100
0.687677	345	0	0.082163	0.000006	1.630972
0.687677	346	0	0.082163	0.000006	1.632841
0.687677	347	0	0.082163	0.000006	1.634706
0.687677	348	0	0.082163	0.000006	1.636568
0.687677	349	0	0.082163	0.000006	1.638427
0.687677	350	0	0.082163	0.000006	1.640283
0.687677	351	0	0.082163	0.000006	1.642135
0.687677	352	0	0.082163	0.000006	1.643984
0.687677	353	0	0.082163	0.000006	1.645830
0.687677	354	0	0.082163	0.000006	1.647673
0.687677	355	0	0.082163	0.000006	1.649513
0.687677	356	0	0.082163	0.000006	1.651349
0.687677	357	0	0.082163	0.000006	1.653183
0.687677	358	0	0.082163	0.000006	1.655013
0.687677	359	0	0.082163	0.000006	1.656841
0.687677	360	0	0.082163	0.000006	1.658665
0.687677	361	0	0.082163	0.000005	1.660486
0.687677	362	0	0.082163	0.000005	1.662304
0.687677	363	0	0.082163	0.000005	1.664119
0.687677	364	0	0.082163	0.000005	1.665931
0.687677	365	0	0.082163	0.000005	1.667740
0.687677	366	0	0.082163	0.000005	1.669546
0.687677	367	0	0.082163	0.000005	1.671349
0.687677	368	0	0.082163	0.000005	1.673150
0.687677	369	0	0.082163	0.000005	1.674947
0.687677	370	0	0.082163	0.000005	1.676741
0.687677	371	0	0.082163	0.000005	1.678532
0.687677	372	0	0.082163	0.000005	1.680321
0.687677	373	0	0.082163	0.000005	1.682106
0.687677	374	0	0.082163	0.000005	1.683889
0.687677	375	0	0.082163	0.000005	1.685668
0.687677	376	0	0.082163	0.000005	1.687445
0.687677	377	0	0.082163	0.000005	1.689219
0.687677	378	0	0.082163	0.000005	1.690990
0.687677	379	0	0.082163	0.000005	1.692759
0.687677	380	0	0.082163	0.000005	1.694524
0.687677	381	0	0.082163	0.000005	1.696287
0.687677	382	0	0.082163	0.000005	1.698047
0.687677	383	0	0.082163	0.000005	1.699804
0.687677	384	0	0.082163	0.000005	1.701558
0.687677	385	0	0.082163	0.000005	1.703310
0.687677	386	0	0.082163	0.000005	1.705059
0.687677	387	0	0.082163	0.000005	1.706805
0.687677	388	0	0.082163	0.000005	1.708548
0.687677	389	0	0.082163	0.000005	1.710289
0.687677	390	0	0.082163	0.000005	1.712027
0.687677	391	0	0.082163	0.000005	1.713762
0.687677	392	0	0.082163	0.000005	1.715494
0.687677	393	0	0.082163	0.000005	1.717224
0.687677	394	0	0.082163	0.000005	1.718952
0.687677	395	0	0.082163	0.000005	1.720676
0.687677	396	0	0.082163	0.000005	1.722398
0.687677	397	0	0.082163	0.000005	1.724118
0.687677	398	0	0.082163	0.000004	1.725834
0.687677	399	0	0.082163	0.000004	1.727548
0.687677	400	0	0.082163	0.000004	1.729260
0.687677	401	0	0.082163	0.000004	1.730969
0.687677	402	0	0.082163	0.000004	1.732675
0.687677	403	0	0.082163	0.000004	1.734379
0.687677	404	0	0.082163	0.000004	1.736080
0.687677	405	0	0.082163	0.000004	1.737779
0.687677	406	0	0.082163	0.000004	1.739475
0.687677	407	0	0.082163	0.000004	1.741169
0.687677	408	0	0.082163	0.000004	1.742860
0.687677	409	0	0.082163	0.000004	1.744549
0.687677	410	0	0.082163	0.000004	1.746235
0.687677	411	0	0.082163	0.000004	1.747919
0.687677	412	0	0.082163	0.000004	1.749600
0.687677	413	0	0.082163	0.000004	1.751278
0.687677	414	0	0.082163	0.000004	1.752955
0.687677	415	0	0.082163	0.000004	1.754629
0.687677	416	0	0.082163	0.000004	1.756300
0.687677	417	0	0.082163	0.000004	1.757969
0.687677	418	0	0.082163	0.000004	1.759635
0.687677	419	0	0.082163	0.000004	1.761300
0.687677	420	0	0.082163	0.000004	1.762961
0.687677	421	0	0.082163	0.000004	1.764621
0.687677	422	0	0.082163	0.000004	1.766278
0.687677	423	0	0.082163	0.000004	1.767932
0.687677	424	0	0.082163	0.000004	1.769584
0.687677	425	0	0.082163	0.000004	1.771234
0.687677	426	0	0.082163	0.000004	1.772882
0.687677	427	0	0.082163	0.000004	1.774527
0.687677	428	0	0.082163	0.000004	1.776170
0.687677	429	0	0.082163	0.000004	1.777810
0.687677	430	0	0.082163	0.000004	1.779449
0.687677	431	0	0.082163	0.000004	1.781085
0.687677	432	0	0.082163	0.000004	1.782718
0.687677	433	0	0.082163	0.000004	1.784350
0.687677	434	0	0.082163	0.000004	1.785979
0.687677	435	0	0.082163	0.000004	1.787606
0.687677	436	0	0.082163	0.000004	1.789230
0.687677	437	0	0.082163	0.000004	1.790852
0.687677	438	0	0.082163	0.000004	1.792473
0.687677	439	0	0.082163	0.000004	1.794090
