0.469494	1	80084	0.082163	1.000000	-0.206935
0.469494	2	22213	0.082163	0.240315	-0.272221
0.469494	3	13891	0.082163	0.104367	-0.319583
0.469494	4	9525	0.082163	0.057751	-0.358104
0.469494	5	6943	0.082163	0.036494	-0.391153
0.469494	6	5296	0.082163	0.025081	-0.420408
0.469494	7	4220	0.082163	0.018266	-0.446843
0.469494	8	3331	0.082163	0.013879	-0.471082
0.469494	9	2797	0.082163	0.010892	-0.493551
0.469494	10	2410	0.082163	0.008770	-0.514558
0.469494	11	2004	0.082163	0.007209	-0.534329
0.469494	12	1786	0.082163	0.006027	-0.553042
0.469494	13	1557	0.082163	0.005112	-0.570834
0.469494	14	1363	0.082163	0.004389	-0.587817
0.469494	15	1144	0.082163	0.003809	-0.604082
0.469494	16	1072	0.082163	0.003335	-0.619704
0.469494	17	941	0.082163	0.002944	-0.634746
0.469494	18	867	0.082163	0.002618	-0.649262
0.469494	19	726	0.082163	0.002342	-0.663299
0.469494	20	701	0.082163	0.002108	-0.676895
0.469494	21	651	0.082163	0.001906	-0.690087
0.469494	22	610	0.082163	0.001732	-0.702905
0.469494	23	540	0.082163	0.001581	-0.715375
0.469494	24	483	0.082163	0.001448	-0.727521
0.469494	25	450	0.082163	0.001332	-0.739366
0.469494	26	445	0.082163	0.001229	-0.750927
0.469494	27	364	0.082163	0.001137	-0.762222
0.469494	28	342	0.082163	0.001055	-0.773268
0.469494	29	329	0.082163	0.000981	-0.784077
0.469494	30	354	0.082163	0.000915	-0.794664
0.469494	31	309	0.082163	0.000856	-0.805039
0.469494	32	285	0.082163	0.000802	-0.815214
0.469494	33	285	0.082163	0.000752	-0.825198
0.469494	34	243	0.082163	0.000708	-0.835001
0.469494	35	221	0.082163	0.000667	-0.844632
0.469494	36	205	0.082163	0.000629	-0.854097
0.469494	37	197	0.082163	0.000595	-0.863405
0.469494	38	166	0.082163	0.000563	-0.872562
0.469494	39	191	0.082163	0.000534	-0.881575
0.469494	40	182	0.082163	0.000506	-0.890449
0.469494	41	156	0.082163	0.000481	-0.899190
0.469494	42	148	0.082163	0.000458	-0.907803
0.469494	43	145	0.082163	0.000436	-0.916293
0.469494	44	117	0.082163	0.000416	-0.924664
0.469494	45	136	0.082163	0.000398	-0.932921
0.469494	46	114	0.082163	0.000380	-0.941068
0.469494	47	120	0.082163	0.000363	-0.949109
0.469494	48	102	0.082163	0.000348	-0.957047
0.469494	49	111	0.082163	0.000334	-0.964885
0.469494	50	78	0.082163	0.000320	-0.972628
0.469494	51	89	0.082163	0.000307	-0.980277
0.469494	52	86	0.082163	0.000295	-0.987836
0.469494	53	72	0.082163	0.000284	-0.995308
0.469494	54	77	0.082163	0.000273	-1.002696
0.469494	55	89	0.082163	0.000263	-1.010001
0.469494	56	68	0.082163	0.000253	-1.017226
0.469494	57	67	0.082163	0.000244	-1.024373
0.469494	58	55	0.082163	0.000236	-1.031445
0.469494	59	66	0.082163	0.000228	-1.038444
0.469494	60	56	0.082163	0.000220	-1.045372
0.469494	61	52	0.082163	0.000213	-1.052230
0.469494	62	38	0.082163	0.000206	-1.059020
0.469494	63	49	0.082163	0.000199	-1.065745
0.469494	64	56	0.082163	0.000193	-1.072405
0.469494	65	47	0.082163	0.000187	-1.079003
0.469494	66	29	0.082163	0.000181	-1.085540
0.469494	67	45	0.082163	0.000175	-1.092017
0.469494	68	52	0.082163	0.000170	-1.098436
0.469494	69	35	0.082163	0.000165	-1.104798
0.469494	70	49	0.082163	0.000160	-1.111105
0.469494	71	40	0.082163	0.000156	-1.117357
0.469494	72	27	0.082163	0.000151	-1.123556
0.469494	73	35	0.082163	0.000147	-1.129704
0.469494	74	29	0.082163	0.000143	-1.135801
0.469494	75	31	0.082163	0.000139	-1.141848
0.469494	76	40	0.082163	0.000135	-1.147847
0.469494	77	14	0.082163	0.000132	-1.153798
0.469494	78	27	0.082163	0.000128	-1.159703
0.469494	79	29	0.082163	0.000125	-1.165562
0.469494	80	26	0.082163	0.000122	-1.171377
0.469494	81	26	0.082163	0.000119	-1.177147
0.469494	82	14	0.082163	0.000116	-1.182875
0.469494	83	21	0.082163	0.000113	-1.188561
0.469494	84	21	0.082163	0.000110	-1.194205
0.469494	85	25	0.082163	0.000107	-1.199809
0.469494	86	23	0.082163	0.000105	-1.205374
0.469494	87	14	0.082163	0.000102	-1.210899
0.469494	88	20	0.082163	0.000100	-1.216386
0.469494	89	17	0.082163	0.000098	-1.221836
0.469494	90	19	0.082163	0.000096	-1.227248
0.469494	91	10	0.082163	0.000093	-1.232625
0.469494	92	13	0.082163	0.000091	-1.237966
0.469494	93	19	0.082163	0.000089	-1.243272
0.469494	94	17	0.082163	0.000087	-1.248543
0.469494	95	13	0.082163	0.000085	-1.253781
0.469494	96	7	0.082163	0.000084	-1.258985
0.469494	97	18	0.082163	0.000082	-1.264157
0.469494	98	11	0.082163	0.000080	-1.269297
0.469494	99	16	0.082163	0.000079	-1.274405
0.469494	100	11	0.082163	0.000077	-1.279482
0.469494	101	12	0.082163	0.000075	-1.284528
0.469494	102	10	0.082163	0.000074	-1.289545
0.469494	103	12	0.082163	0.000072	-1.294531
0.469494	104	7	0.082163	0.000071	-1.299489
0.469494	105	11	0.082163	0.000070	-1.304417
0.469494	106	7	0.082163	0.000068	-1.309318
0.469494	107	16	0.082163	0.000067	-1.314191
0.469494	108	5	0.082163	0.000066	-1.319036
0.469494	109	13	0.082163	0.000064	-1.323854
0.469494	110	10	0.082163	0.000063	-1.328645
0.469494	111	11	0.082163	0.000062	-1.333411
0.469494	112	6	0.082163	0.000061	-1.338150
0.469494	113	6	0.082163	0.000060	-1.342864
0.469494	114	5	0.082163	0.000059	-1.347552
0.469494	115	4	0.082163	0.000058	-1.352216
0.469494	116	12	0.082163	0.000057	-1.356856
0.469494	117	3	0.082163	0.000056	-1.361471
0.469494	118	5	0.082163	0.000055	-1.366063
0.469494	119	3	0.082163	0.000054	-1.370631
0.469494	120	3	0.082163	0.000053	-1.375176
0.469494	121	5	0.082163	0.000052	-1.379698
0.469494	122	3	0.082163	0.000051	-1.384198
0.469494	123	3	0.082163	0.000050	-1.388675
0.469494	124	3	0.082163	0.000049	-1.393130
0.469494	125	5	0.082163	0.000049	-1.397564
0.469494	126	7	0.082163	0.000048	-1.401976
0.469494	127	4	0.082163	0.000047	-1.406368
0.469494	128	2	0.082163	0.000046	-1.410738
0.469494	129	3	0.082163	0.000046	-1.415088
0.469494	130	6	0.082163	0.000045	-1.419417
0.469494	131	6	0.082163	0.000044	-1.423727
0.469494	132	5	0.082163	0.000043	-1.428016
0.469494	133	4	0.082163	0.000043	-1.432286
0.469494	134	4	0.082163	0.000042	-1.436537
0.469494	135	3	0.082163	0.000041	-1.440768
0.469494	136	7	0.082163	0.000041	-1.444981
0.469494	137	5	0.082163	0.000040	-1.449175
0.469494	138	2	0.082163	0.000040	-1.453350
0.469494	139	4	0.082163	0.000039	-1.457507
0.469494	140	2	0.082163	0.000038	-1.461647
0.469494	141	1	0.082163	0.000038	-1.465768
0.469494	142	4	0.082163	0.000037	-1.469872
0.469494	143	3	0.082163	0.000037	-1.473958
0.469494	144	2	0.082163	0.000036	-1.478027
0.469494	145	1	0.082163	0.000036	-1.482079
0.469494	146	2	0.082163	0.000035	-1.486114
0.469494	147	0	0.082163	0.000035	-1.490132
0.469494	148	0	0.082163	0.000034	-1.494134
0.469494	149	0	0.082163	0.000034	-1.498120
0.469494	150	3	0.082163	0.000033	-1.502090
0.469494	151	3	0.082163	0.000033	-1.506043
0.469494	152	3	0.082163	0.000033	-1.509981
0.469494	153	0	0.082163	0.000032	-1.513903
0.469494	154	1	0.082163	0.000032	-1.517810
0.469494	155	3	0.082163	0.000031	-1.521701
0.469494	156	2	0.082163	0.000031	-1.525577
0.469494	157	3	0.082163	0.000030	-1.529439
0.469494	158	2	0.082163	0.000030	-1.533285
0.469494	159	0	0.082163	0.000030	-1.537117
0.469494	160	0	0.082163	0.000029	-1.540934
0.469494	161	0	0.082163	0.000029	-1.544737
0.469494	162	1	0.082163	0.000029	-1.548525
0.469494	163	2	0.082163	0.000028	-1.552300
0.469494	164	1	0.082163	0.000028	-1.556060
0.469494	165	0	0.082163	0.000027	-1.559807
0.469494	166	0	0.082163	0.000027	-1.563540
0.469494	167	0	0.082163	0.000027	-1.567259
0.469494	168	1	0.082163	0.000026	-1.570965
0.469494	169	0	0.082163	0.000026	-1.574657
0.469494	170	1	0.082163	0.000026	-1.578337
0.469494	171	0	0.082163	0.000026	-1.582003
0.469494	172	0	0.082163	0.000025	-1.585657
0.469494	173	0	0.082163	0.000025	-1.589297
0.469494	174	0	0.082163	0.000025	-1.592925
0.469494	175	0	0.082163	0.000024	-1.596541
0.469494	176	1	0.082163	0.000024	-1.600144
0.469494	177	0	0.082163	0.000024	-1.603734
0.469494	178	0	0.082163	0.000023	-1.607312
0.469494	179	1	0.082163	0.000023	-1.610878
0.469494	180	0	0.082163	0.000023	-1.614433
0.469494	181	0	0.082163	0.000023	-1.617975
0.469494	182	1	0.082163	0.000022	-1.621505
0.469494	183	1	0.082163	0.000022	-1.625024
0.469494	184	1	0.082163	0.000022	-1.628531
0.469494	185	3	0.082163	0.000022	-1.632027
0.469494	186	0	0.082163	0.000021	-1.635511
0.469494	187	0	0.082163	0.000021	-1.638984
0.469494	188	0	0.082163	0.000021	-1.642445
0.469494	189	0	0.082163	0.000021	-1.645896
0.469494	190	0	0.082163	0.000021	-1.649336
0.469494	191	0	0.082163	0.000020	-1.652764
0.469494	192	1	0.082163	0.000020	-1.656182
0.469494	193	0	0.082163	0.000020	-1.659589
0.469494	194	0	0.082163	0.000020	-1.662986
0.469494	195	0	0.082163	0.000019	-1.666371
0.469494	196	0	0.082163	0.000019	-1.669747
0.469494	197	1	0.082163	0.000019	-1.673112
0.469494	198	0	0.082163	0.000019	-1.676466
0.469494	199	0	0.082163	0.000019	-1.679811
0.469494	200	0	0.082163	0.000018	-1.683145
0.469494	201	1	0.082163	0.000018	-1.686469
0.469494	202	1	0.082163	0.000018	-1.689784
0.469494	203	0	0.082163	0.000018	-1.693088
0.469494	204	0	0.082163	0.000018	-1.696383
0.469494	205	0	0.082163	0.000018	-1.699667
0.469494	206	0	0.082163	0.000017	-1.702943
0.469494	207	0	0.082163	0.000017	-1.706208
0.469494	208	1	0.082163	0.000017	-1.709464
0.469494	209	0	0.082163	0.000017	-1.712711
0.469494	210	0	0.082163	0.000017	-1.715948
0.469494	211	0	0.082163	0.000017	-1.719176
0.469494	212	0	0.082163	0.000016	-1.722394
0.469494	213	0	0.082163	0.000016	-1.725604
0.469494	214	0	0.082163	0.000016	-1.728804
0.469494	215	0	0.082163	0.000016	-1.731996
0.469494	216	0	0.082163	0.000016	-1.735178
0.469494	217	0	0.082163	0.000016	-1.738351
0.469494	218	0	0.082163	0.000015	-1.741516
0.469494	219	0	0.082163	0.000015	-1.744672
0.469494	220	0	0.082163	0.000015	-1.747819
0.469494	221	0	0.082163	0.000015	-1.750958
0.469494	222	0	0.082163	0.000015	-1.754088
0.469494	223	0	0.082163	0.000015	-1.757209
0.469494	224	1	0.082163	0.000015	-1.760322
0.469494	225	0	0.082163	0.000015	-1.763427
0.469494	226	0	0.082163	0.000014	-1.766524
0.469494	227	0	0.082163	0.000014	-1.769612
0.469494	228	0	0.082163	0.000014	-1.772691
0.469494	229	0	0.082163	0.000014	-1.775763
0.469494	230	1	0.082163	0.000014	-1.778827
0.469494	231	0	0.082163	0.000014	-1.781882
0.469494	232	0	0.082163	0.000014	-1.784930
0.469494	233	0	0.082163	0.000014	-1.787970
0.469494	234	0	0.082163	0.000013	-1.791001
0.469494	235	0	0.082163	0.000013	-1.794025
0.469494	236	0	0.082163	0.000013	-1.797042
0.469494	237	0	0.082163	0.000013	-1.800050
0.469494	238	0	0.082163	0.000013	-1.803051
0.469494	239	0	0.082163	0.000013	-1.806044
0.469494	240	0	0.082163	0.000013	-1.809030
0.469494	241	0	0.082163	0.000013	-1.812008
0.469494	242	0	0.082163	0.000012	-1.814978
0.469494	243	0	0.082163	0.000012	-1.817942
0.469494	244	0	0.082163	0.000012	-1.820898
0.469494	245	0	0.082163	0.000012	-1.823846
0.469494	246	0	0.082163	0.000012	-1.826788
0.469494	247	0	0.082163	0.000012	-1.829722
0.469494	248	0	0.082163	0.000012	-1.832649
0.469494	249	0	0.082163	0.000012	-1.835568
0.469494	250	0	0.082163	0.000012	-1.838481
0.469494	251	0	0.082163	0.000012	-1.841387
0.469494	252	0	0.082163	0.000011	-1.844286
0.469494	253	1	0.082163	0.000011	-1.847177
0.469494	254	0	0.082163	0.000011	-1.850062
0.469494	255	0	0.082163	0.000011	-1.852940
0.469494	256	0	0.082163	0.000011	-1.855811
0.469494	257	0	0.082163	0.000011	-1.858676
0.469494	258	0	0.082163	0.000011	-1.861534
0.469494	259	0	0.082163	0.000011	-1.864385
0.469494	260	0	0.082163	0.000011	-1.867229
0.469494	261	0	0.082163	0.000011	-1.870067
0.469494	262	0	0.082163	0.000011	-1.872898
0.469494	263	0	0.082163	0.000011	-1.875723
0.469494	264	0	0.082163	0.000010	-1.878541
0.469494	265	0	0.082163	0.000010	-1.881353
0.469494	266	0	0.082163	0.000010	-1.884158
0.469494	267	0	0.082163	0.000010	-1.886957
0.469494	268	0	0.082163	0.000010	-1.889750
0.469494	269	0	0.082163	0.000010	-1.892536
0.469494	270	0	0.082163	0.000010	-1.895316
0.469494	271	1	0.082163	0.000010	-1.898090
0.469494	272	0	0.082163	0.000010	-1.900858
0.469494	273	0	0.082163	0.000010	-1.903619
0.469494	274	0	0.082163	0.000010	-1.906375
0.469494	275	0	0.082163	0.000010	-1.909124
0.469494	276	0	0.082163	0.000010	-1.911867
0.469494	277	0	0.082163	0.000009	-1.914605
0.469494	278	0	0.082163	0.000009	-1.917336
0.469494	279	0	0.082163	0.000009	-1.920062
0.469494	280	0	0.082163	0.000009	-1.922781
0.469494	281	0	0.082163	0.000009	-1.925495
0.469494	282	0	0.082163	0.000009	-1.928203
0.469494	283	0	0.082163	0.000009	-1.930905
0.469494	284	0	0.082163	0.000009	-1.933601
0.469494	285	0	0.082163	0.000009	-1.936292
0.469494	286	0	0.082163	0.000009	-1.938976
0.469494	287	0	0.082163	0.000009	-1.941656
0.469494	288	0	0.082163	0.000009	-1.944329
0.469494	289	0	0.082163	0.000009	-1.946997
0.469494	290	0	0.082163	0.000009	-1.949659
0.469494	291	0	0.082163	0.000009	-1.952316
0.469494	292	0	0.082163	0.000008	-1.954968
0.469494	293	0	0.082163	0.000008	-1.957613
0.469494	294	0	0.082163	0.000008	-1.960254
0.469494	295	0	0.082163	0.000008	-1.962889
0.469494	296	0	0.082163	0.000008	-1.965518
0.469494	297	0	0.082163	0.000008	-1.968143
0.469494	298	0	0.082163	0.000008	-1.970762
0.469494	299	0	0.082163	0.000008	-1.973375
0.469494	300	0	0.082163	0.000008	-1.975983
0.469494	301	0	0.082163	0.000008	-1.978586
0.469494	302	0	0.082163	0.000008	-1.981184
0.469494	303	0	0.082163	0.000008	-1.983777
0.469494	304	0	0.082163	0.000008	-1.986364
0.469494	305	0	0.082163	0.000008	-1.988947
0.469494	306	0	0.082163	0.000008	-1.991524
0.469494	307	0	0.082163	0.000008	-1.994096
0.469494	308	0	0.082163	0.000008	-1.996663
0.469494	309	0	0.082163	0.000008	-1.999225
0.469494	310	0	0.082163	0.000008	-2.001782
0.469494	311	0	0.082163	0.000007	-2.004334
0.469494	312	0	0.082163	0.000007	-2.006881
0.469494	313	0	0.082163	0.000007	-2.009423
0.469494	314	0	0.082163	0.000007	-2.011961
0.469494	315	0	0.082163	0.000007	-2.014493
0.469494	316	0	0.082163	0.000007	-2.017021
0.469494	317	0	0.082163	0.000007	-2.019543
0.469494	318	0	0.082163	0.000007	-2.022061
0.469494	319	0	0.082163	0.000007	-2.024574
0.469494	320	0	0.082163	0.000007	-2.027083
0.469494	321	0	0.082163	0.000007	-2.029586
0.469494	322	0	0.082163	0.000007	-2.032085
0.469494	323	0	0.082163	0.000007	-2.034579
0.469494	324	0	0.082163	0.000007	-2.037069
0.469494	325	0	0.082163	0.000007	-2.039554
0.469494	326	0	0.082163	0.000007	-2.042034
0.469494	327	0	0.082163	0.000007	-2.044510
0.469494	328	0	0.082163	0.000007	-2.046981
0.469494	329	0	0.082163	0.000007	-2.049448
0.469494	330	0	0.082163	0.000007	-2.051910
0.469494	331	0	0.082163	0.000007	-2.054367
0.469494	332	0	0.082163	0.000007	-2.056820
0.469494	333	0	0.082163	0.000006	-2.059269
0.469494	334	0	0.082163	0.000006	-2.061713
0.469494	335	0	0.082163	0.000006	-2.064153
0.469494	336	0	0.082163	0.000006	-2.066588
0.469494	337	0	0.082163	0.000006	-2.069019
0.469494	338	0	0.082163	0.000006	-2.071446
0.469494	339	0	0.082163	0.000006	-2.073868
0.469494	340	0	0.082163	0.000006	-2.076286
0.469494	341	0	0.082163	0.000006	-2.078700
0.469494	342	0	0.082163	0.000006	-2.081109
0.469494	343	0	0.082163	0.000006	-2.083514
0.469494	344	0	0.082163	0.000006	-2.085915
0.469494	345	0	0.082163	0.000006	-2.088312
0.469494	346	0	0.082163	0.000006	-2.090704
0.469494	347	0	0.082163	0.000006	-2.093093
0.469494	348	0	0.082163	0.000006	-2.095477
0.469494	349	0	0.082163	0.000006	-2.097857
0.469494	350	0	0.082163	0.000006	-2.100233
0.469494	351	0	0.082163	0.000006	-2.102605
0.469494	352	0	0.082163	0.000006	-2.104972
0.469494	353	0	0.082163	0.000006	-2.107336
0.469494	354	0	0.082163	0.000006	-2.109696
0.469494	355	0	0.082163	0.000006	-2.112051
0.469494	356	0	0.082163	0.000006	-2.114403
0.469494	357	0	0.082163	0.000006	-2.116750
0.469494	358	0	0.082163	0.000006	-2.119094
0.469494	359	0	0.082163	0.000006	-2.121434
0.469494	360	0	0.082163	0.000006	-2.123770
0.469494	361	0	0.082163	0.000005	-2.126101
0.469494	362	0	0.082163	0.000005	-2.128429
0.469494	363	0	0.082163	0.000005	-2.130753
0.469494	364	0	0.082163	0.000005	-2.133074
0.469494	365	0	0.082163	0.000005	-2.135390
0.469494	366	0	0.082163	0.000005	-2.137702
0.469494	367	0	0.082163	0.000005	-2.140011
0.469494	368	0	0.082163	0.000005	-2.142316
0.469494	369	0	0.082163	0.000005	-2.144617
0.469494	370	0	0.082163	0.000005	-2.146914
0.469494	371	0	0.082163	0.000005	-2.149208
0.469494	372	0	0.082163	0.000005	-2.151498
0.469494	373	0	0.082163	0.000005	-2.153784
0.469494	374	0	0.082163	0.000005	-2.156066
0.469494	375	0	0.082163	0.000005	-2.158345
0.469494	376	0	0.082163	0.000005	-2.160620
0.469494	377	0	0.082163	0.000005	-2.162892
0.469494	378	0	0.082163	0.000005	-2.165159
0.469494	379	0	0.082163	0.000005	-2.167424
0.469494	380	0	0.082163	0.000005	-2.169684
0.469494	381	0	0.082163	0.000005	-2.171941
0.469494	382	0	0.082163	0.000005	-2.174194
0.469494	383	0	0.082163	0.000005	-2.176444
0.469494	384	0	0.082163	0.000005	-2.178691
0.469494	385	0	0.082163	0.000005	-2.180933
0.469494	386	0	0.082163	0.000005	-2.183173
0.469494	387	0	0.082163	0.000005	-2.185408
0.469494	388	0	0.082163	0.000005	-2.187640
0.469494	389	0	0.082163	0.000005	-2.189869
0.469494	390	0	0.082163	0.000005	-2.192095
0.469494	391	0	0.082163	0.000005	-2.194316
0.469494	392	0	0.082163	0.000005	-2.196535
0.469494	393	0	0.082163	0.000005	-2.198750
0.469494	394	0	0.082163	0.000005	-2.200961
0.469494	395	0	0.082163	0.000005	-2.203170
0.469494	396	0	0.082163	0.000005	-2.205374
0.469494	397	0	0.082163	0.000005	-2.207576
0.469494	398	0	0.082163	0.000004	-2.209774
0.469494	399	0	0.082163	0.000004	-2.211969
0.469494	400	0	0.082163	0.000004	-2.214160
0.469494	401	0	0.082163	0.000004	-2.216348
0.469494	402	0	0.082163	0.000004	-2.218533
0.469494	403	0	0.082163	0.000004	-2.220715
0.469494	404	0	0.082163	0.000004	-2.222893
0.469494	405	0	0.082163	0.000004	-2.225068
0.469494	406	0	0.082163	0.000004	-2.227240
0.469494	407	0	0.082163	0.000004	-2.229409
0.469494	408	0	0.082163	0.000004	-2.231574
0.469494	409	0	0.082163	0.000004	-2.233736
0.469494	410	0	0.082163	0.000004	-2.235895
0.469494	411	0	0.082163	0.000004	-2.238051
0.469494	412	0	0.082163	0.000004	-2.240203
0.469494	413	0	0.082163	0.000004	-2.242353
0.469494	414	0	0.082163	0.000004	-2.244499
0.469494	415	0	0.082163	0.000004	-2.246642
0.469494	416	0	0.082163	0.000004	-2.248782
0.469494	417	0	0.082163	0.000004	-2.250919
0.469494	418	0	0.082163	0.000004	-2.253053
0.469494	419	0	0.082163	0.000004	-2.255184
0.469494	420	0	0.082163	0.000004	-2.257312
0.469494	421	0	0.082163	0.000004	-2.259436
0.469494	422	0	0.082163	0.000004	-2.261558
0.469494	423	0	0.082163	0.000004	-2.263677
0.469494	424	0	0.082163	0.000004	-2.265792
0.469494	425	0	0.082163	0.000004	-2.267905
0.469494	426	0	0.082163	0.000004	-2.270014
0.469494	427	0	0.082163	0.000004	-2.272121
0.469494	428	0	0.082163	0.000004	-2.274224
0.469494	429	0	0.082163	0.000004	-2.276325
0.469494	430	0	0.082163	0.000004	-2.278422
0.469494	431	0	0.082163	0.000004	-2.280517
0.469494	432	0	0.082163	0.000004	-2.282609
0.469494	433	0	0.082163	0.000004	-2.284698
0.469494	434	0	0.082163	0.000004	-2.286784
0.469494	435	0	0.082163	0.000004	-2.288867
0.469494	436	0	0.082163	0.000004	-2.290947
0.469494	437	0	0.082163	0.000004	-2.293024
0.469494	438	0	0.082163	0.000004	-2.295098
0.469494	439	0	0.082163	0.000004	-2.297170
